r_gross,r_net,outcome,hold_min,mfe_r,mae_r,tf,side,sel_time,poi_key,month
0.14711538461540385,0.14442307692309614,partial_be,438.0,1.246538461538491,0.2746153846153622,M5,buy,2026-02-26 18:15:00,M5_26430,2026-02
0.1372199121562768,0.1255337685836571,partial_be,34.0,0.9081803005006631,0.3355592654424017,M5,buy,2025-12-09 12:35:00,M5_21607,2025-12
2.150364203954182,2.143080124869895,tp2,1003.0,4.042663891779333,0.6826222684703287,M5,buy,2025-09-30 18:00:00,M5_17210,2025-09
0.1372199121562768,0.1255337685836571,partial_be,34.0,0.9081803005006631,0.3355592654424017,M5,buy,2025-12-09 11:50:00,M5_21607,2025-12
0.7652559055118533,0.751476377952798,trail,144.0,2.061023622047324,0.8503937007873564,M5,buy,2025-05-29 14:20:00,M5_9225,2025-05
1.5236562016797441,1.5206609085689182,trail,3308.0,2.7398373983739854,0.5857937526743544,M5,buy,2026-02-13 17:20:00,M5_25652,2026-02
0.1406056860321635,0.13195302843018542,partial_be,194.0,1.3794808405439722,0.19653893695917818,M5,buy,2025-08-26 04:50:00,M5_14800,2025-08
0.7714681440442853,0.7666204986149227,trail,26.0,1.7770083102492347,0.4224376731302042,M5,buy,2026-02-23 01:45:00,M5_26099,2026-02
0.7679448052272374,0.7583557641313473,trail,102.0,1.5342465753424026,0.4136986301370358,M5,sell,2025-04-01 09:10:00,M5_5535,2025-04
0.13865218822106698,0.12849253655198184,partial_be,116.0,1.0203193033380857,0.2336719883889769,M5,sell,2025-07-04 07:30:00,M5_11514,2025-07
0.13865218822106698,0.12849253655198184,partial_be,116.0,1.0203193033380857,0.2336719883889769,M5,sell,2025-07-04 09:00:00,M5_11514,2025-07
-1.0078308535630667,-1.0133124510571931,sl,1.0,0.0,2.265465935786946,M5,buy,2026-02-09 17:50:00,M5_25288,2026-02
-1.0050454086781213,-1.0085771947527935,sl,3.0,0.0,1.0277497477295756,M5,buy,2025-10-20 17:45:00,M5_18497,2025-10
0.133760465351234,0.11877117198934843,partial_be,8.0,0.6745182012848713,0.27623126338331244,M5,buy,2025-06-02 17:50:00,M5_9412,2025-06
-1.0177935943060326,-1.0302491103202667,sl,64.0,0.4341637010675177,1.0533807829180977,M5,buy,2025-09-26 17:30:00,M5_17033,2025-09
0.13761537615385688,0.126233262332718,partial_be,55.0,1.1382113821138884,0.5203252032520337,M5,buy,2025-12-01 12:35:00,M5_21124,2025-12
0.7707128265132799,0.7655770965059429,trail,39.0,2.4673514306677977,0.13646368305207496,M5,buy,2026-01-27 05:05:00,M5_24443,2026-01
0.7707128265132799,0.7655770965059429,trail,39.0,2.4673514306677977,0.13646368305207496,M5,buy,2026-01-27 04:20:00,M5_24443,2026-01
0.14624306606150514,0.14271306101864079,partial_be,35.0,0.7115481593545453,0.19062027231466258,M5,sell,2025-10-14 17:30:00,M5_18112,2025-10
0.1406056860321635,0.13195302843018542,partial_be,194.0,1.3794808405439722,0.19653893695917818,M5,buy,2025-08-26 10:05:00,M5_14800,2025-08
0.7704828008390211,0.7662326490478858,trail,209.0,1.7941712204007119,0.13479052823316456,M5,sell,2026-02-12 03:35:00,M5_25495,2026-02
0.1372199121562768,0.1255337685836571,partial_be,34.0,0.9081803005006631,0.3355592654424017,M5,buy,2025-12-09 14:50:00,M5_21607,2025-12
0.13865218822106698,0.12849253655198184,partial_be,116.0,1.0203193033380857,0.2336719883889769,M5,sell,2025-07-03 17:45:00,M5_11514,2025-07
0.7704828008390211,0.7662326490478858,trail,209.0,1.7941712204007119,0.13479052823316456,M5,sell,2026-02-12 02:05:00,M5_25495,2026-02
0.7703198993426267,0.7647775398810274,trail,13.0,1.6935866983372314,0.44259699129058566,M5,buy,2026-01-26 04:05:00,M5_24336,2026-01
0.7686963588036198,0.760282897265158,trail,251.0,2.3665865384616276,0.3016826923076744,M5,buy,2025-05-07 16:10:00,M5_7777,2025-05
0.7686963588036198,0.760282897265158,trail,251.0,2.3665865384616276,0.3016826923076744,M5,buy,2025-05-07 13:55:00,M5_7777,2025-05
0.7652559055118533,0.751476377952798,trail,144.0,2.061023622047324,0.8503937007873564,M5,buy,2025-05-29 15:05:00,M5_9225,2025-05
0.1375630999306327,0.12614385033846323,partial_be,37.0,0.9624796084827947,0.09624796084830914,M5,buy,2025-06-19 18:05:00,M5_10530,2025-06
1.5208417754004806,1.5112395806131007,trail,201.0,2.5020576131687693,0.24691358024693977,M5,buy,2025-04-28 18:55:00,M5_7190,2025-04
0.7721751412429467,0.7682203389830597,trail,85.0,1.6355932203389896,0.5909604519774092,M5,sell,2026-02-10 01:35:00,M5_25311,2026-02
0.1375630999306327,0.12614385033846323,partial_be,37.0,0.9624796084827947,0.09624796084830914,M5,buy,2025-06-19 11:20:00,M5_10530,2025-06
0.7645296333113608,0.7497304789773228,trail,33.0,2.412262156448163,0.7124735729387596,M5,sell,2025-05-30 09:20:00,M5_9292,2025-05
0.7693610055164783,0.7629799663186662,trail,114.0,1.5487693710117947,0.607110300820392,M5,buy,2025-10-15 05:00:00,M5_18188,2025-10
-1.0074460163811954,-1.0126582278480603,sl,0.0,0.0,1.010424422933687,M5,buy,2026-01-26 01:50:00,M5_24321,2026-01
0.14148332274694503,0.13366209369666593,partial_be,123.0,1.0938547486032637,0.346368715083829,M5,sell,2025-09-24 02:00:00,M5_16757,2025-09
0.1363992900549825,0.12369511582630681,partial_be,15.0,0.600725952813083,0.13248638838476398,M5,sell,2025-02-06 09:40:00,M5_2233,2025-02
-1.0091240875912741,-1.0155109489051426,sl,123.0,0.4206204379561731,1.0419708029197527,M5,sell,2025-10-02 18:30:00,M5_17400,2025-10
0.7707128265132799,0.7655770965059429,trail,39.0,2.4673514306677977,0.13646368305207496,M5,buy,2026-01-27 07:20:00,M5_24443,2026-01
-1.01015228426395,-1.0172588832487217,sl,23.0,0.2446700507614088,1.2060913705583978,M5,buy,2025-04-09 15:10:00,M5_6106,2025-04
0.7704828008390211,0.7662326490478858,trail,209.0,1.7941712204007119,0.13479052823316456,M5,sell,2026-02-12 08:05:00,M5_25495,2026-02
0.144456623472829,0.139516609358503,partial_be,286.0,1.329569513055755,0.14396612561749847,M5,sell,2025-04-07 18:25:00,M5_5918,2025-04
0.13865218822106698,0.12849253655198184,partial_be,116.0,1.0203193033380857,0.2336719883889769,M5,sell,2025-07-03 17:00:00,M5_11514,2025-07
0.14252624567574218,0.13560240789137004,partial_be,20.0,0.6676557863502149,0.20672601384765169,M5,sell,2025-04-30 11:55:00,M5_7340,2025-04
0.14624306606150514,0.14271306101864079,partial_be,35.0,0.7115481593545453,0.19062027231466258,M5,sell,2025-10-14 13:45:00,M5_18112,2025-10
0.14624306606150514,0.14271306101864079,partial_be,35.0,0.7115481593545453,0.19062027231466258,M5,sell,2025-10-14 12:15:00,M5_18112,2025-10
0.1406056860321635,0.13195302843018542,partial_be,194.0,1.3794808405439722,0.19653893695917818,M5,buy,2025-08-26 05:35:00,M5_14800,2025-08
0.7659044989898134,0.753623797235427,trail,136.0,1.5789473684210233,0.07368421052633091,M5,sell,2025-08-26 04:50:00,M5_14805,2025-08
0.7636207636208101,0.7490677490677954,trail,112.0,1.7692307692308347,0.39501039501032387,M5,buy,2025-05-28 11:05:00,M5_9127,2025-05
-1.0078308535630667,-1.0133124510571931,sl,1.0,0.0,2.265465935786946,M5,buy,2026-02-09 18:35:00,M5_25288,2026-02
0.14252624567574218,0.13560240789137004,partial_be,20.0,0.6676557863502149,0.20672601384765169,M5,sell,2025-04-30 12:40:00,M5_7340,2025-04
0.14208376854394825,0.13492630433126912,partial_be,142.0,1.1237218813906,0.7903885480572357,M5,buy,2026-01-12 17:30:00,M5_23484,2026-01
0.7703198993426267,0.7647775398810274,trail,13.0,1.6935866983372314,0.44259699129058566,M5,buy,2026-01-26 15:20:00,M5_24336,2026-01
1.5221427106929397,1.5129923838955546,trail,138.0,2.7333333333331193,0.18431372549016392,M5,buy,2026-01-22 08:50:00,M5_24151,2026-01
0.1360225140712367,0.12288930581607704,partial_be,20.0,0.8142589118199258,0.6772983114446007,M5,buy,2025-11-26 18:30:00,M5_20920,2025-11
0.764880005601971,0.7514700439161479,trail,84.0,1.8716475095783622,0.18582375478931176,M5,buy,2025-11-28 13:55:00,M5_21044,2025-11
0.1375630999306327,0.12614385033846323,partial_be,37.0,0.9624796084827947,0.09624796084830914,M5,buy,2025-06-19 12:05:00,M5_10530,2025-06
-1.0125223613595997,-1.02504472271917,sl,48.0,0.4937388193201595,1.1788908765652906,M5,buy,2025-04-17 01:40:00,M5_6596,2025-04
0.1363992900549825,0.12369511582630681,partial_be,15.0,0.600725952813083,0.13248638838476398,M5,sell,2025-02-06 11:55:00,M5_2233,2025-02
0.134151464234305,0.11956813090097085,partial_be,37.0,0.6625000000000983,0.3854166666666696,M5,buy,2025-09-09 10:30:00,M5_15745,2025-09
-1.0101317122593625,-1.017223910840923,sl,97.0,0.1712259371833914,1.0344478216818793,M5,sell,2025-08-08 17:35:00,M5_13863,2025-08
0.7704828008390211,0.7662326490478858,trail,209.0,1.7941712204007119,0.13479052823316456,M5,sell,2026-02-12 10:20:00,M5_25495,2026-02
-1.0202020202020008,-1.0343434343434141,sl,6.0,0.2020202020201909,1.084848484848495,M5,buy,2025-07-07 17:35:00,M5_11687,2025-07
-1.008203445447118,-1.0139458572600797,sl,14.0,0.1452009844134569,1.2534864643150325,M5,buy,2025-10-30 12:00:00,M5_19209,2025-10
-1.3260437375745437,-1.3399602385685803,sl,3152.0,0.5964214711729924,1.3141153081510948,M5,sell,2025-03-21 17:10:00,M5_4960,2025-03
1.5205479452054216,1.5085616438355587,trail,37.0,2.643835616438222,0.130136986301404,M5,sell,2025-05-02 07:10:00,M5_7401,2025-05
0.7703198993426267,0.7647775398810274,trail,13.0,1.6935866983372314,0.44259699129058566,M5,buy,2026-01-26 07:05:00,M5_24336,2026-01
0.1375630999306327,0.12614385033846323,partial_be,37.0,0.9624796084827947,0.09624796084830914,M5,buy,2025-06-20 02:00:00,M5_10530,2025-06
0.14496267517443845,0.1410454955437725,partial_be,75.0,0.8517067711248096,0.46558477895913597,M5,buy,2026-02-13 03:50:00,M5_25602,2026-02
0.7623940858117914,0.7463021317888026,trail,31.0,1.5908045977011993,0.7701149425287308,M5,sell,2025-08-07 12:05:00,M5_13758,2025-08
-1.0209643605870764,-1.0356394129979765,sl,12.0,0.12578616352188665,1.146750524108963,M5,buy,2026-01-12 11:30:00,M5_23464,2026-01
0.13351983468926923,0.11823599189450916,partial_be,67.0,0.7510917030566931,0.2794759825327992,M5,sell,2025-02-17 11:25:00,M5_2774,2025-02
0.13469814004574787,0.12029484786467828,partial_be,10.0,1.1316872427983242,0.3086419753086339,M5,buy,2025-05-06 15:55:00,M5_7691,2025-05
-1.008375209380227,-1.014237855946391,sl,126.0,0.4723618090452133,1.4355108877721772,M5,buy,2025-04-30 16:25:00,M5_7354,2025-04
0.13876319758680428,0.12820512820520566,partial_be,19.0,1.3650075414781346,0.1266968325792054,M5,buy,2026-01-06 18:45:00,M5_23133,2026-01
-1.0138888888888766,-1.023611111111099,sl,4.0,0.23333333333337966,1.2263888888889098,M5,buy,2025-04-16 18:40:00,M5_6560,2025-04
-1.0202020202020945,-1.0343434343435092,sl,56.0,0.5292929292929267,1.208080808080856,M5,buy,2025-09-02 05:30:00,M5_15263,2025-09
0.1351888667991094,0.12127236580507544,partial_be,53.0,1.4691848906557565,0.9324055666003774,M5,buy,2026-01-09 18:00:00,M5_23405,2026-01
0.7664700486827487,0.7563103970136629,trail,120.0,1.6574746008708685,0.7314949201741737,M5,buy,2025-05-19 05:25:00,M5_8415,2025-05
0.7704828008390211,0.7662326490478858,trail,209.0,1.7941712204007119,0.13479052823316456,M5,sell,2026-02-12 05:50:00,M5_25495,2026-02
0.7703198993426267,0.7647775398810274,trail,13.0,1.6935866983372314,0.44259699129058566,M5,buy,2026-01-26 04:50:00,M5_24336,2026-01
2.152258064516087,2.137204301075227,tp2,121.0,4.2344086021504665,0.10107526881725709,M5,buy,2025-05-19 06:55:00,M5_8414,2025-05
-1.018975332068206,-1.0322580645160229,sl,7.0,0.015180265654633892,1.2106261859581746,M5,buy,2026-01-09 01:30:00,M5_23327,2026-01
0.13379530916845359,0.11886993603412539,partial_be,27.0,0.6375266524519716,0.7484008528785027,M5,buy,2025-06-04 16:05:00,M5_9605,2025-06
0.7703198993426267,0.7647775398810274,trail,13.0,1.6935866983372314,0.44259699129058566,M5,buy,2026-01-26 17:35:00,M5_24336,2026-01
1.5208417754004806,1.5112395806131007,trail,201.0,2.5020576131687693,0.24691358024693977,M5,buy,2025-04-29 06:25:00,M5_7190,2025-04
0.7644710578842986,0.7504990019960743,trail,35.0,1.7644710578843439,0.29940119760480455,M5,buy,2025-05-07 17:40:00,M5_7793,2025-05
1.520588373541899,1.5054039917631574,trail,95.0,3.0498915401299573,0.09978308026030883,M5,sell,2025-09-10 18:15:00,M5_15867,2025-09
0.1328828828828116,0.11711711711704605,partial_be,154.0,0.6418918918918635,0.6756756756756673,M5,sell,2025-02-24 17:20:00,M5_3275,2025-02
0.14624306606150514,0.14271306101864079,partial_be,35.0,0.7115481593545453,0.19062027231466258,M5,sell,2025-10-14 09:15:00,M5_18112,2025-10
-1.0125223613595997,-1.02504472271917,sl,48.0,0.4937388193201595,1.1788908765652906,M5,buy,2025-04-17 02:25:00,M5_6596,2025-04
0.1375630999306327,0.12614385033846323,partial_be,37.0,0.9624796084827947,0.09624796084830914,M5,buy,2025-06-19 15:50:00,M5_10530,2025-06
-1.0183150183150882,-1.0311355311356032,sl,0.0,0.0,2.5824175824178957,M5,buy,2026-02-23 17:30:00,M5_26164,2026-02
1.523190251364593,1.5184669045359829,trail,705.0,3.5053981106613863,0.9568151147098286,M5,buy,2025-11-13 03:30:00,M5_20068,2025-11
0.7623940858117914,0.7463021317888026,trail,31.0,1.5908045977011993,0.7701149425287308,M5,sell,2025-08-07 12:50:00,M5_13758,2025-08
0.1375630999306327,0.12614385033846323,partial_be,37.0,0.9624796084827947,0.09624796084830914,M5,buy,2025-06-20 03:30:00,M5_10530,2025-06
0.13351983468926923,0.11823599189450916,partial_be,67.0,0.7510917030566931,0.2794759825327992,M5,sell,2025-02-17 17:25:00,M5_2774,2025-02
-1.011235955056221,-1.0191011235955474,sl,14.0,0.21797752808995377,1.0325842696629186,M5,sell,2025-12-08 17:35:00,M5_21538,2025-12
0.14648952788993888,0.1439832622257785,partial_be,40.0,0.8993913354815478,0.54278553526676,M5,buy,2026-02-05 08:20:00,M5_25084,2026-02
0.7707128265132799,0.7655770965059429,trail,39.0,2.4673514306677977,0.13646368305207496,M5,buy,2026-01-27 15:35:00,M5_24443,2026-01
-1.0089686098654214,-1.0152466367712507,sl,9.0,0.32376681614345254,1.029596412556046,M5,sell,2025-12-10 04:35:00,M5_21483,2025-12
-1.0142857142857662,-1.0242857142857662,sl,0.0,0.0,1.4657142857143168,M5,buy,2026-02-18 18:15:00,M5_25889,2026-02
-1.0150150150149333,-1.025525525525444,sl,38.0,0.0,1.1546546546546197,M5,buy,2026-01-20 12:05:00,M5_23981,2026-01
-1.0096805421103934,-1.0164569215876442,sl,115.0,0.4404646660212739,1.070667957405617,M5,sell,2025-04-17 07:40:00,M5_6603,2025-04
0.14189696042245883,0.13465058361086452,partial_be,2.0,0.7525879917183889,0.48136645962739294,M5,buy,2026-01-29 13:50:00,M5_24635,2026-01
1.5205479452054216,1.5085616438355587,trail,37.0,2.643835616438222,0.130136986301404,M5,sell,2025-05-02 07:55:00,M5_7401,2025-05
-1.0168067226890596,-1.028571428571412,sl,74.0,0.0,1.0134453781512476,M5,sell,2025-02-25 18:20:00,M5_3380,2025-02
1.5220223325061906,1.5133374689826173,trail,214.0,2.7282878411910585,0.6315136476427022,M5,sell,2025-10-10 12:30:00,M5_17869,2025-10
-1.007407407407367,-1.012592592592552,sl,39.0,0.04814814814818857,1.2503703703703783,M5,sell,2026-01-02 16:00:00,M5_22954,2026-01
1.523190251364593,1.5184669045359829,trail,705.0,3.5053981106613863,0.9568151147098286,M5,buy,2025-11-13 17:45:00,M5_20068,2025-11
0.14171318637216201,0.13448924416369937,partial_be,17.0,1.0866873065016605,0.7502579979359987,M5,buy,2026-01-23 02:20:00,M5_24221,2026-01
0.14252624567574218,0.13560240789137004,partial_be,20.0,0.6676557863502149,0.20672601384765169,M5,sell,2025-04-30 14:55:00,M5_7340,2025-04
0.13909224011720503,0.12884333821383742,partial_be,34.0,0.7672035139093334,0.9795021961932169,M5,sell,2025-12-31 18:45:00,M5_22856,2025-12
0.13640429338100146,0.12388193202143113,partial_be,6.0,0.7817531305903,0.9677996422181956,M5,buy,2026-02-19 17:45:00,M5_25989,2026-02
-1.008375209380227,-1.014237855946391,sl,126.0,0.4723618090452133,1.4355108877721772,M5,buy,2025-04-30 15:40:00,M5_7354,2025-04
0.13710603726005996,0.12524163048040005,partial_be,19.0,0.6762711864405784,0.5644067796609524,M5,sell,2025-11-28 17:40:00,M5_21066,2025-11
-1.0050454086781213,-1.0085771947527935,sl,3.0,0.0,1.0277497477295756,M5,buy,2025-10-21 09:00:00,M5_18497,2025-10
0.14078802553380163,0.13231344926261493,partial_be,45.0,1.4648910411622584,0.4539951573850009,M5,buy,2025-11-03 12:45:00,M5_19368,2025-11
0.7680726990377447,0.7587641883994474,trail,8.0,1.5851063829786411,0.23803191489359837,M5,buy,2025-10-20 16:15:00,M5_18488,2025-10
0.13351983468926923,0.11823599189450916,partial_be,67.0,0.7510917030566931,0.2794759825327992,M5,sell,2025-02-17 09:10:00,M5_2774,2025-02
0.7636313631362631,0.7480758075807076,trail,424.0,1.9977777777777292,0.9577777777777656,M5,sell,2025-02-20 17:35:00,M5_3111,2025-02
1.5186567164180769,1.5037313432837474,trail,129.0,3.108742004264642,0.47547974413640803,M5,buy,2025-12-15 08:20:00,M5_21911,2025-12
0.144456623472829,0.139516609358503,partial_be,286.0,1.329569513055755,0.14396612561749847,M5,sell,2025-04-08 05:10:00,M5_5918,2025-04
0.7678114910522523,0.7585276714236051,trail,75.0,2.156498673740092,0.10079575596813889,M5,sell,2025-04-08 10:25:00,M5_5920,2025-04
1.5194955115009323,1.5047275790114802,trail,25.0,2.548523206751157,0.2215189873417248,M5,buy,2025-04-09 10:40:00,M5_6087,2025-04
1.5220223325061906,1.5133374689826173,trail,214.0,2.7282878411910585,0.6315136476427022,M5,sell,2025-10-10 03:30:00,M5_17869,2025-10
-1.0150375939849494,-1.0255639097744236,sl,0.0,0.0,1.20300751879699,M5,buy,2025-11-19 12:45:00,M5_20456,2025-11
0.13909224011720503,0.12884333821383742,partial_be,34.0,0.7672035139093334,0.9795021961932169,M5,sell,2025-12-31 18:00:00,M5_22856,2025-12
0.13811664574711446,0.12723017607370904,partial_be,45.0,0.9144634525660013,0.25816485225509084,M5,sell,2025-11-03 12:45:00,M5_19405,2025-11
0.7703198993426267,0.7647775398810274,trail,13.0,1.6935866983372314,0.44259699129058566,M5,buy,2026-01-26 09:20:00,M5_24336,2026-01
0.13984478811451997,0.1305362774762221,partial_be,37.0,1.4574468085105863,0.8803191489362183,M5,buy,2025-11-20 11:30:00,M5_20558,2025-11
-1.0100908173561964,-1.0171543895055402,sl,44.0,0.2845610494450127,1.0766902119071382,M5,sell,2025-05-16 05:10:00,M5_8325,2025-05
0.14631167562284447,0.14289203712748544,partial_be,651.0,1.4914509037615713,0.47484123106986487,M5,sell,2025-05-12 18:25:00,M5_8028,2025-05
1.5184376246954103,1.5027776694381372,trail,38.0,2.5816554809847103,0.43176733780773463,M5,sell,2026-01-16 02:00:00,M5_23743,2026-01
0.14496267517443845,0.1410454955437725,partial_be,75.0,0.8517067711248096,0.46558477895913597,M5,buy,2026-02-13 06:05:00,M5_25602,2026-02
1.5221427106929397,1.5129923838955546,trail,138.0,2.7333333333331193,0.18431372549016392,M5,buy,2026-01-22 11:05:00,M5_24151,2026-01
0.13676731793954275,0.12433392539957852,partial_be,14.0,0.6412078152752403,0.19538188277093116,M5,sell,2025-06-25 16:15:00,M5_10933,2025-06
-1.011235955056221,-1.0191011235955474,sl,14.0,0.21797752808995377,1.0325842696629186,M5,sell,2025-12-09 06:35:00,M5_21538,2025-12
-1.0074460163811954,-1.0126582278480603,sl,0.0,0.0,1.010424422933687,M5,buy,2026-01-26 02:35:00,M5_24321,2026-01
0.14078802553380163,0.13231344926261493,partial_be,45.0,1.4648910411622584,0.4539951573850009,M5,buy,2025-11-03 04:30:00,M5_19368,2025-11
0.13876319758680428,0.12820512820520566,partial_be,19.0,1.3650075414781346,0.1266968325792054,M5,buy,2026-01-06 18:00:00,M5_23133,2026-01
-1.0138888888889397,-1.0236111111111623,sl,3.0,0.3652777777778022,1.5888888888888735,M5,buy,2026-02-25 18:00:00,M5_26361,2026-02
0.7678114910522523,0.7585276714236051,trail,75.0,2.156498673740092,0.10079575596813889,M5,sell,2025-04-08 13:25:00,M5_5920,2025-04
-1.0096805421103934,-1.0164569215876442,sl,115.0,0.4404646660212739,1.070667957405617,M5,sell,2025-04-17 05:25:00,M5_6603,2025-04
0.7667269439420447,0.7540687160939448,trail,62.0,1.9041591320069617,0.30379746835444704,M5,sell,2026-01-19 09:45:00,M5_23871,2026-01
0.13351983468926923,0.11823599189450916,partial_be,67.0,0.7510917030566931,0.2794759825327992,M5,sell,2025-02-17 13:40:00,M5_2774,2025-02
-1.0142857142857662,-1.0242857142857662,sl,0.0,0.0,1.4657142857143168,M5,buy,2026-02-18 17:30:00,M5_25889,2026-02
0.14631167562284447,0.14289203712748544,partial_be,651.0,1.4914509037615713,0.47484123106986487,M5,sell,2025-05-12 16:10:00,M5_8028,2025-05
1.5237215033887288,1.519408502772586,trail,76.0,2.936537276648088,0.8853974121995978,M5,buy,2026-01-27 02:05:00,M5_24426,2026-01
0.13962395543176565,0.12987465181059552,partial_be,51.0,1.420612813370544,0.22423398328686758,M5,buy,2025-11-19 08:15:00,M5_20440,2025-11
0.1374788494077868,0.12563451776650056,partial_be,48.0,0.9576988155668348,0.4670050761421804,M5,sell,2025-05-16 15:40:00,M5_8366,2025-05
-1.0120918984280978,-1.0205562273277353,sl,14.0,0.26964933494565907,1.1511487303506738,M5,buy,2026-01-02 01:45:00,M5_22886,2026-01
0.13513448631123884,0.12151580926843815,partial_be,2.0,0.7509727626458028,1.4805447470816426,M5,sell,2025-07-16 17:05:00,M5_12376,2025-07
0.14648952788993888,0.1439832622257785,partial_be,40.0,0.8993913354815478,0.54278553526676,M5,buy,2026-02-05 10:35:00,M5_25084,2026-02
-1.008375209380227,-1.014237855946391,sl,126.0,0.4723618090452133,1.4355108877721772,M5,buy,2025-04-30 18:40:00,M5_7354,2025-04
-1.007407407407367,-1.012592592592552,sl,39.0,0.04814814814818857,1.2503703703703783,M5,sell,2026-01-05 02:00:00,M5_22954,2026-01
0.13677548281138727,0.12451628841559051,partial_be,2.0,0.7320490367776294,0.5078809106829453,M5,buy,2026-01-14 06:45:00,M5_23601,2026-01
0.14073509617206312,0.13220890859593648,partial_be,3.0,0.8148599269183399,0.7429963459196512,M5,buy,2026-02-25 03:45:00,M5_26308,2026-02
0.13774671052633236,0.1262335526315954,partial_be,2.0,0.6101973684210659,0.2878289473684245,M5,buy,2025-11-21 18:30:00,M5_20670,2025-11
-1.011235955056221,-1.0191011235955474,sl,14.0,0.21797752808995377,1.0325842696629186,M5,sell,2025-12-09 04:20:00,M5_21538,2025-12
0.13329972331755927,0.11804917865525039,partial_be,15.0,1.0522875816992971,0.25708061002174265,M5,buy,2025-04-22 06:40:00,M5_6793,2025-04
-1.0138888888888766,-1.023611111111099,sl,4.0,0.23333333333337966,1.2263888888889098,M5,buy,2025-04-17 11:25:00,M5_6560,2025-04
-1.0112233445566157,-1.0190796857462896,sl,22.0,0.16947250280574402,1.3681257014589747,M5,sell,2025-12-16 14:35:00,M5_21988,2025-12
0.768007801755378,0.7583526293415849,trail,34.0,1.651034482758593,0.12137931034484264,M5,sell,2025-09-25 17:15:00,M5_16933,2025-09
0.14539223374283547,0.1418939828682728,partial_be,22.0,0.866566716641677,0.3853073463268342,M5,buy,2025-10-21 18:45:00,M5_18589,2025-10
0.13415146423429228,0.11956813090095951,partial_be,31.0,0.7249999999999763,0.28750000000001186,M5,buy,2025-02-27 13:35:00,M5_3561,2025-02
2.1494949494950717,2.135353535353657,tp2,96.0,4.032323232323388,0.4969696969697226,M5,buy,2025-06-17 10:05:00,M5_10355,2025-06
-1.0112233445566157,-1.0190796857462896,sl,22.0,0.16947250280574402,1.3681257014589747,M5,sell,2025-12-16 05:35:00,M5_21988,2025-12
0.14462155579007813,0.14028719046500077,partial_be,25.0,1.1869969040247657,0.12074303405571561,M5,sell,2025-10-22 15:15:00,M5_18677,2025-10
1.5212135342347428,1.5103776209220494,trail,19.0,2.571207430340492,0.6362229102168048,M5,buy,2026-02-13 18:50:00,M5_25659,2026-02
0.7706408159385147,0.7645272788206112,trail,544.0,2.0541484716155485,0.6855895196506432,M5,buy,2026-02-16 07:50:00,M5_25697,2026-02
0.13351983468926923,0.11823599189450916,partial_be,67.0,0.7510917030566931,0.2794759825327992,M5,sell,2025-02-17 05:25:00,M5_2774,2025-02
0.13469814004574787,0.12029484786467828,partial_be,10.0,1.1316872427983242,0.3086419753086339,M5,buy,2025-05-06 16:40:00,M5_7691,2025-05
0.7652559055118533,0.751476377952798,trail,144.0,2.061023622047324,0.8503937007873564,M5,buy,2025-05-29 17:20:00,M5_9225,2025-05
-1.0227790432802681,-1.0387243735763978,sl,6.0,0.0,1.5785876993166972,M5,buy,2025-12-30 09:30:00,M5_22733,2025-12
-1.0112233445566157,-1.0190796857462896,sl,22.0,0.16947250280574402,1.3681257014589747,M5,sell,2025-12-16 06:20:00,M5_21988,2025-12
-1.006535947712442,-1.0111111111111346,sl,205.0,0.5516339869280719,1.0078431372548948,M5,sell,2025-12-12 17:50:00,M5_21855,2025-12
0.14158718149641092,0.13408450196800786,partial_be,4.0,0.695605573419109,0.2733118971060822,M5,buy,2025-04-07 10:55:00,M5_5867,2025-04
0.1340476404854373,0.11902618125796902,partial_be,6.0,0.693133047210326,0.26824034334764785,M5,buy,2025-04-14 09:55:00,M5_6353,2025-04
0.13351983468926923,0.11823599189450916,partial_be,67.0,0.7510917030566931,0.2794759825327992,M5,sell,2025-02-17 07:40:00,M5_2774,2025-02
0.14078802553380163,0.13231344926261493,partial_be,45.0,1.4648910411622584,0.4539951573850009,M5,buy,2025-11-03 18:45:00,M5_19368,2025-11
0.14665619389589976,0.14351436265712056,partial_be,530.0,0.7226211849192347,0.23473967684019853,M5,buy,2025-12-11 04:05:00,M5_21698,2025-12
0.14158718149641092,0.13408450196800786,partial_be,4.0,0.695605573419109,0.2733118971060822,M5,buy,2025-04-07 05:40:00,M5_5867,2025-04
0.13630553371776022,0.12385001770352509,partial_be,3.0,0.6494661921707664,0.5818505338079182,M5,buy,2026-01-09 17:15:00,M5_23402,2026-01
0.13984478811451997,0.1305362774762221,partial_be,37.0,1.4574468085105863,0.8803191489362183,M5,buy,2025-11-20 13:45:00,M5_20558,2025-11
0.7710399484200635,0.7661482642830966,trail,20.0,1.8001397624038147,0.21733053808528965,M5,sell,2026-02-06 16:50:00,M5_25070,2026-02
0.7679782903663334,0.7592718227046417,trail,58.0,1.5708955223880803,0.231343283582163,M5,buy,2025-10-20 11:00:00,M5_18467,2025-10
0.7680594900848959,0.7581444759205905,trail,14.0,2.1756373937675355,0.04107648725211716,M5,sell,2026-02-16 02:35:00,M5_25676,2026-02
-1.014347202295606,-1.0243902439024934,sl,15.0,0.5337159253946347,1.0832137733143317,M5,sell,2025-12-15 18:50:00,M5_21951,2025-12
-1.0087183958151222,-1.0148212728857409,sl,6.0,0.0,1.1011333914559571,M5,sell,2025-10-23 06:30:00,M5_18663,2025-10
0.768210648472411,0.7596740631065573,trail,19.0,1.7695121951219617,0.22317073170731316,M5,buy,2025-11-14 18:45:00,M5_20220,2025-11
-1.015174506828583,-1.0257966616085523,sl,1.0,0.15477996965091115,1.001517450682886,M5,buy,2026-02-09 06:35:00,M5_25259,2026-02
0.14073509617206312,0.13220890859593648,partial_be,3.0,0.8148599269183399,0.7429963459196512,M5,buy,2026-02-25 14:15:00,M5_26308,2026-02
0.7707128265132799,0.7655770965059429,trail,39.0,2.4673514306677977,0.13646368305207496,M5,buy,2026-01-27 08:50:00,M5_24443,2026-01
-1.0204918032787644,-1.0348360655738476,sl,48.0,0.19262295081969696,1.063524590164021,M5,sell,2025-04-28 06:10:00,M5_7143,2025-04
-1.0087183958151222,-1.0148212728857409,sl,6.0,0.0,1.1011333914559571,M5,sell,2025-10-23 08:45:00,M5_18663,2025-10
-1.0025412960610003,-1.0043202033036942,sl,13.0,0.19110546378652177,1.011944091486688,M5,sell,2026-01-29 18:20:00,M5_24650,2026-01
0.13984478811451997,0.1305362774762221,partial_be,37.0,1.4574468085105863,0.8803191489362183,M5,buy,2025-11-20 10:45:00,M5_20558,2025-11
0.14208376854394825,0.13492630433126912,partial_be,142.0,1.1237218813906,0.7903885480572357,M5,buy,2026-01-12 18:15:00,M5_23484,2026-01
0.13585005290394864,0.12254206811307354,partial_be,21.0,0.6615969581749381,0.2566539923954315,M5,sell,2025-10-02 12:30:00,M5_17294,2025-10
0.7707128265132799,0.7655770965059429,trail,39.0,2.4673514306677977,0.13646368305207496,M5,buy,2026-01-27 11:05:00,M5_24443,2026-01
0.14306730341978638,0.13683954541266882,partial_be,7.0,1.292704626334522,0.1236654804270778,M5,buy,2026-02-03 10:50:00,M5_24905,2026-02
-1.011235955056221,-1.0191011235955474,sl,14.0,0.21797752808995377,1.0325842696629186,M5,sell,2025-12-09 02:05:00,M5_21538,2025-12
-1.0137174211248163,-1.0233196159121962,sl,36.0,0.15500685871057815,1.032921810699621,M5,sell,2025-01-06 16:30:00,M5_266,2025-01
-1.00916590284138,-1.015582034830381,sl,1.0,0.0,1.5756186984417808,M5,buy,2026-02-03 15:20:00,M5_24935,2026-02
2.1494949494950717,2.135353535353657,tp2,96.0,4.032323232323388,0.4969696969697226,M5,buy,2025-06-17 07:05:00,M5_10355,2025-06
0.14477351916373468,0.13989547038324698,partial_be,57.0,1.236236933797863,0.027874564459904255,M5,sell,2026-01-21 09:20:00,M5_24059,2026-01
0.13686639770883668,0.12494135511939863,partial_be,19.0,0.8500851788756949,0.4429301533219689,M5,buy,2025-04-25 02:10:00,M5_7049,2025-04
0.1360225140712367,0.12288930581607704,partial_be,20.0,0.8142589118199258,0.6772983114446007,M5,buy,2025-11-27 03:00:00,M5_20920,2025-11
-1.018484288354966,-1.0314232902033953,sl,3.0,0.0,1.1608133086877679,M5,sell,2025-12-31 13:30:00,M5_22838,2025-12
0.1374788494077868,0.12563451776650056,partial_be,48.0,0.9576988155668348,0.4670050761421804,M5,sell,2025-05-16 14:10:00,M5_8366,2025-05
1.5192517953371172,1.5046380166314803,trail,11.0,2.709812108559618,0.29645093945721995,M5,buy,2025-10-15 16:15:00,M5_18225,2025-10
0.13865218822106698,0.12849253655198184,partial_be,116.0,1.0203193033380857,0.2336719883889769,M5,sell,2025-07-04 05:15:00,M5_11514,2025-07
0.13836609473013525,0.12774393995016584,partial_be,8.0,0.6100151745067433,0.08952959028833574,M5,sell,2025-10-09 01:45:00,M5_17805,2025-10
0.13630553371776022,0.12385001770352509,partial_be,3.0,0.6494661921707664,0.5818505338079182,M5,buy,2026-01-09 18:45:00,M5_23402,2026-01
0.14005235602095129,0.13089005235602968,partial_be,376.0,1.0680628272251296,0.31806282722511475,M5,sell,2025-02-13 17:40:00,M5_2486,2025-02
0.14463119365984467,0.14001986296155755,partial_be,113.0,0.6956521739129966,0.2088274044796391,M5,sell,2025-12-12 18:35:00,M5_21858,2025-12
0.13382348528036858,0.11892986825909142,partial_be,8.0,0.9914893617021351,0.5319148936170419,M5,buy,2026-01-06 04:30:00,M5_23080,2026-01
-1.0188679245282857,-1.0320754716980975,sl,10.0,0.1056603773585715,1.0641509433962573,M5,sell,2025-09-25 18:45:00,M5_16931,2025-09
0.1418631654429707,0.13478530902234404,partial_be,5.0,0.7239635995955124,0.9271991911021,M5,buy,2026-02-23 16:00:00,M5_26098,2026-02
0.14624306606150514,0.14271306101864079,partial_be,35.0,0.7115481593545453,0.19062027231466258,M5,sell,2025-10-14 16:00:00,M5_18112,2025-10
-1.007407407407367,-1.012592592592552,sl,39.0,0.04814814814818857,1.2503703703703783,M5,sell,2026-01-02 16:45:00,M5_22954,2026-01
0.138049513083712,0.12706050209470082,partial_be,33.0,0.8273155416013386,0.22135007849291657,M5,buy,2025-12-05 18:50:00,M5_21485,2025-12
0.13794572538659483,0.12670977033041592,partial_be,17.0,0.6950240770464845,0.276083467094723,M5,sell,2025-12-02 18:05:00,M5_21218,2025-12
0.1375630999306327,0.12614385033846323,partial_be,37.0,0.9624796084827947,0.09624796084830914,M5,buy,2025-06-19 14:20:00,M5_10530,2025-06
-1.0096805421103934,-1.0164569215876442,sl,115.0,0.4404646660212739,1.070667957405617,M5,sell,2025-04-17 09:10:00,M5_6603,2025-04
-1.0204918032787644,-1.0348360655738476,sl,48.0,0.19262295081969696,1.063524590164021,M5,sell,2025-04-28 05:25:00,M5_7143,2025-04
-1.0046019328117979,-1.0078232857800447,sl,3.0,0.0,1.699953980671898,M5,buy,2026-02-05 02:20:00,M5_25061,2026-02
1.5192524456241872,1.504263152262303,trail,53.0,3.87580299785869,0.12847965738755882,M5,sell,2025-05-02 14:40:00,M5_7400,2025-05
0.14189696042245883,0.13465058361086452,partial_be,2.0,0.7525879917183889,0.48136645962739294,M5,buy,2026-01-29 15:20:00,M5_24635,2026-01
0.13382348528036858,0.11892986825909142,partial_be,8.0,0.9914893617021351,0.5319148936170419,M5,buy,2026-01-06 08:15:00,M5_23080,2026-01
1.5208417754004806,1.5112395806131007,trail,201.0,2.5020576131687693,0.24691358024693977,M5,buy,2025-04-29 04:10:00,M5_7190,2025-04
1.5220223325061906,1.5133374689826173,trail,214.0,2.7282878411910585,0.6315136476427022,M5,sell,2025-10-10 05:45:00,M5_17869,2025-10
0.7678114910522523,0.7585276714236051,trail,75.0,2.156498673740092,0.10079575596813889,M5,sell,2025-04-08 11:55:00,M5_5920,2025-04
0.13415146423429228,0.11956813090095951,partial_be,31.0,0.7249999999999763,0.28750000000001186,M5,buy,2025-02-27 12:05:00,M5_3561,2025-02
0.7655286552864755,0.7526135261351843,trail,26.0,1.6863468634685046,0.9612546125461193,M5,buy,2025-10-23 12:30:00,M5_18779,2025-10
-1.010928961748674,-1.018579234972718,sl,51.0,0.043715846994596894,1.1377049180328163,M5,sell,2026-02-17 18:45:00,M5_25816,2026-02
0.7654494382023298,0.7523408239701194,trail,40.0,1.7471910112361277,0.26404494382021276,M5,sell,2025-05-16 06:40:00,M5_8333,2025-05
-1.015174506828583,-1.0257966616085523,sl,1.0,0.15477996965091115,1.001517450682886,M5,buy,2026-02-09 05:50:00,M5_25259,2026-02
0.14073509617206312,0.13220890859593648,partial_be,3.0,0.8148599269183399,0.7429963459196512,M5,buy,2026-02-25 05:15:00,M5_26308,2026-02
-1.0202020202020945,-1.0343434343435092,sl,56.0,0.5292929292929267,1.208080808080856,M5,buy,2025-09-02 07:45:00,M5_15263,2025-09
0.7652559055118533,0.751476377952798,trail,144.0,2.061023622047324,0.8503937007873564,M5,buy,2025-05-30 04:50:00,M5_9225,2025-05
0.13387618273275062,0.11869180095400769,partial_be,47.0,0.7874186550978908,0.872017353579135,M5,sell,2026-01-14 12:00:00,M5_23619,2026-01
0.1406056860321635,0.13195302843018542,partial_be,194.0,1.3794808405439722,0.19653893695917818,M5,buy,2025-08-26 07:50:00,M5_14800,2025-08
-1.0100908173561964,-1.0171543895055402,sl,44.0,0.2845610494450127,1.0766902119071382,M5,sell,2025-05-16 09:40:00,M5_8325,2025-05
0.13988595807524662,0.13090007874276904,partial_be,25.0,0.8279845956354106,0.35558408215666876,M5,sell,2025-05-12 01:55:00,M5_7993,2025-05
0.14158718149641092,0.13408450196800786,partial_be,4.0,0.695605573419109,0.2733118971060822,M5,buy,2025-04-07 11:40:00,M5_5867,2025-04
0.7664700486827487,0.7563103970136629,trail,120.0,1.6574746008708685,0.7314949201741737,M5,buy,2025-05-19 01:40:00,M5_8415,2025-05
0.7691647597253769,0.761155606407299,trail,19.0,1.602974828375351,0.40160183066365057,M5,sell,2026-02-16 07:50:00,M5_25691,2026-02
0.7691647597253769,0.761155606407299,trail,19.0,1.602974828375351,0.40160183066365057,M5,sell,2026-02-16 05:35:00,M5_25691,2026-02
0.1355788740680392,0.12201298259517061,partial_be,9.0,0.8468992248062924,0.4399224806201639,M5,buy,2025-11-20 02:30:00,M5_20505,2025-11
1.521124182771052,1.5079415085714298,trail,112.0,2.883239171374537,0.9548022598869645,M5,buy,2025-09-03 01:15:00,M5_15347,2025-09
-1.0179211469533875,-1.0304659498207702,sl,0.0,0.0,1.8207885304658806,M5,sell,2025-04-25 08:10:00,M5_7079,2025-04
1.5193836978131838,1.5054671968191473,trail,9.0,2.7475149105368604,0.4990059642147804,M5,buy,2026-01-21 05:35:00,M5_24031,2026-01
0.14631167562284447,0.14289203712748544,partial_be,651.0,1.4914509037615713,0.47484123106986487,M5,sell,2025-05-13 05:10:00,M5_8028,2025-05
1.5228798597183388,1.5170367879320281,trail,62.0,2.653589315526046,0.08096828046746996,M5,sell,2025-12-29 18:15:00,M5_22678,2025-12
0.7717598297300022,0.7678881483140731,trail,329.0,2.0481194690264912,0.5088495575221282,M5,buy,2025-11-14 18:00:00,M5_20214,2025-11
1.5192517953371172,1.5046380166314803,trail,11.0,2.709812108559618,0.29645093945721995,M5,buy,2025-10-15 17:45:00,M5_18225,2025-10
1.5192524456241872,1.504263152262303,trail,53.0,3.87580299785869,0.12847965738755882,M5,sell,2025-05-02 12:25:00,M5_7400,2025-05
-1.0087183958151222,-1.0148212728857409,sl,6.0,0.0,1.1011333914559571,M5,sell,2025-10-23 02:45:00,M5_18663,2025-10
0.136909744620555,0.12469333973399405,partial_be,61.0,0.8708551483419493,0.5584642233856115,M5,buy,2026-01-07 04:45:00,M5_23178,2026-01
0.1363992900549093,0.12369511582623467,partial_be,2.0,0.8439201451904632,0.050816696914734845,M5,buy,2025-11-21 15:30:00,M5_20655,2025-11
1.520392098024314,1.5053383345834555,trail,45.0,3.193548387096282,0.1376344086022048,M5,buy,2026-02-19 09:30:00,M5_25945,2026-02
-1.014347202295606,-1.0243902439024934,sl,15.0,0.5337159253946347,1.0832137733143317,M5,sell,2025-12-16 04:05:00,M5_21951,2025-12
0.7717598297300022,0.7678881483140731,trail,329.0,2.0481194690264912,0.5088495575221282,M5,buy,2025-11-14 17:15:00,M5_20214,2025-11
1.5221427106929397,1.5129923838955546,trail,138.0,2.7333333333331193,0.18431372549016392,M5,buy,2026-01-22 09:35:00,M5_24151,2026-01
0.7640692640692762,0.7489177489177606,trail,13.0,2.4264069264069916,0.16666666666666666,M5,buy,2025-10-10 11:45:00,M5_17930,2025-10
0.7623940858117914,0.7463021317888026,trail,31.0,1.5908045977011993,0.7701149425287308,M5,sell,2025-08-07 15:05:00,M5_13758,2025-08
0.1374788494077868,0.12563451776650056,partial_be,48.0,0.9576988155668348,0.4670050761421804,M5,sell,2025-05-16 17:55:00,M5_8366,2025-05
2.155123107623457,2.1474560758600396,tp2,27.0,4.143483023001038,0.6944140197152322,M5,buy,2026-02-13 15:50:00,M5_25645,2026-02
0.14158718149641092,0.13408450196800786,partial_be,4.0,0.695605573419109,0.2733118971060822,M5,buy,2025-04-07 16:10:00,M5_5867,2025-04
-1.0084745762712175,-1.0144067796610485,sl,1.0,0.0,1.6906779661017837,M5,buy,2026-02-17 06:00:00,M5_25759,2026-02
0.14078802553380163,0.13231344926261493,partial_be,45.0,1.4648910411622584,0.4539951573850009,M5,buy,2025-11-03 06:00:00,M5_19368,2025-11
1.520574604818999,1.5057754504849623,trail,46.0,2.661733615221752,0.9978858350950914,M5,buy,2026-02-19 08:00:00,M5_25933,2026-02
0.14073509617206312,0.13220890859593648,partial_be,3.0,0.8148599269183399,0.7429963459196512,M5,buy,2026-02-25 09:45:00,M5_26308,2026-02
0.1387200793748419,0.12845614975607453,partial_be,4.0,0.7272727272726667,0.2785923753666237,M5,buy,2026-01-02 04:00:00,M5_22885,2026-01
1.521442643279517,1.5117473524207903,trail,124.0,3.009695290858938,0.5581717451523699,M5,sell,2026-02-25 08:15:00,M5_26206,2026-02
-0.8302828618967721,-0.8419301164724788,sl,0.0,0.0,1.5657237936771236,M5,sell,2026-01-16 01:15:00,M5_23665,2026-01
0.7654494382023298,0.7523408239701194,trail,40.0,1.7471910112361277,0.26404494382021276,M5,sell,2025-05-16 07:25:00,M5_8333,2025-05
-1.0145348837209838,-1.0247093023256355,sl,27.0,0.46511627906983044,1.2965116279069864,M5,buy,2025-04-04 05:25:00,M5_5734,2025-04
0.13920913338863383,0.129473389299622,partial_be,44.0,0.9958275382474753,0.15577190542417407,M5,sell,2025-12-23 18:05:00,M5_22448,2025-12
-1.0087183958151222,-1.0148212728857409,sl,6.0,0.0,1.1011333914559571,M5,sell,2025-10-23 05:00:00,M5_18663,2025-10
0.14005235602095129,0.13089005235602968,partial_be,376.0,1.0680628272251296,0.31806282722511475,M5,sell,2025-02-13 16:10:00,M5_2486,2025-02
-0.8302828618967721,-0.8419301164724788,sl,0.0,0.0,1.5657237936771236,M5,sell,2026-01-16 14:00:00,M5_23665,2026-01
-1.0228310502283953,-1.0388127853882139,sl,57.0,0.260273972602835,1.123287671232878,M5,buy,2025-06-06 07:35:00,M5_9761,2025-06
0.13585005290394864,0.12254206811307354,partial_be,21.0,0.6615969581749381,0.2566539923954315,M5,sell,2025-10-02 10:15:00,M5_17294,2025-10
-1.0232558139534687,-1.0395348837209117,sl,12.0,0.27209302325584817,1.0023255813953997,M5,buy,2025-05-13 14:10:00,M5_8096,2025-05
0.7703198993426267,0.7647775398810274,trail,13.0,1.6935866983372314,0.44259699129058566,M5,buy,2026-01-26 11:35:00,M5_24336,2026-01
-1.0127226463104209,-1.0216284987277235,sl,8.0,0.5559796437658804,1.0445292620865017,M5,buy,2025-11-20 06:15:00,M5_20526,2025-11
-1.0050454086781213,-1.0085771947527935,sl,3.0,0.0,1.0277497477295756,M5,buy,2025-10-21 05:15:00,M5_18497,2025-10
-1.0210084033613245,-1.035714285714265,sl,1.0,0.0,1.7205882352940502,M5,buy,2025-10-07 08:00:00,M5_17635,2025-10
-1.0096805421103934,-1.0164569215876442,sl,115.0,0.4404646660212739,1.070667957405617,M5,sell,2025-04-17 15:10:00,M5_6603,2025-04
-1.006535947712442,-1.0111111111111346,sl,205.0,0.5516339869280719,1.0078431372548948,M5,sell,2025-12-15 02:20:00,M5_21855,2025-12
-1.0150375939849494,-1.0255639097744236,sl,0.0,0.0,1.20300751879699,M5,buy,2025-11-19 15:45:00,M5_20456,2025-11
0.13351983468926923,0.11823599189450916,partial_be,67.0,0.7510917030566931,0.2794759825327992,M5,sell,2025-02-17 15:55:00,M5_2774,2025-02
1.5184376246954103,1.5027776694381372,trail,38.0,2.5816554809847103,0.43176733780773463,M5,sell,2026-01-16 03:30:00,M5_23743,2026-01
-1.0232558139534687,-1.0395348837209117,sl,12.0,0.27209302325584817,1.0023255813953997,M5,buy,2025-05-13 08:55:00,M5_8096,2025-05
-1.0158982511924266,-1.0270270270270847,sl,27.0,0.3942766295706801,1.0461049284580086,M5,sell,2025-11-14 01:30:00,M5_20146,2025-11
1.521442643279517,1.5117473524207903,trail,124.0,3.009695290858938,0.5581717451523699,M5,sell,2026-02-25 18:00:00,M5_26206,2026-02
-1.0112233445566157,-1.0190796857462896,sl,22.0,0.16947250280574402,1.3681257014589747,M5,sell,2025-12-16 12:20:00,M5_21988,2025-12
1.5205479452054216,1.5085616438355587,trail,37.0,2.643835616438222,0.130136986301404,M5,sell,2025-05-02 04:10:00,M5_7401,2025-05
0.14631167562284447,0.14289203712748544,partial_be,651.0,1.4914509037615713,0.47484123106986487,M5,sell,2025-05-13 03:40:00,M5_8028,2025-05
-1.0046019328117979,-1.0078232857800447,sl,3.0,0.0,1.699953980671898,M5,buy,2026-02-05 01:35:00,M5_25061,2026-02
-1.0202020202020008,-1.0343434343434141,sl,6.0,0.2020202020201909,1.084848484848495,M5,buy,2025-07-08 14:50:00,M5_11687,2025-07
-1.0185185185185013,-1.0314814814814641,sl,5.0,0.13518518518518627,2.1629629629629803,M5,buy,2025-11-20 03:15:00,M5_20502,2025-11
0.770475716019804,0.7687426137667711,trail,77.0,2.260955682099504,0.04481307254271814,M5,buy,2026-01-30 12:35:00,M5_24723,2026-01
-1.0177935943061147,-1.03024911032035,sl,4.0,0.24733096085407466,1.3380782918149694,M5,buy,2025-10-29 16:15:00,M5_19133,2025-10
-1.0127226463104209,-1.0216284987277235,sl,8.0,0.5559796437658804,1.0445292620865017,M5,buy,2025-11-20 09:15:00,M5_20526,2025-11
1.5193836978131838,1.5054671968191473,trail,9.0,2.7475149105368604,0.4990059642147804,M5,buy,2026-01-21 04:05:00,M5_24031,2026-01
-1.0084745762712175,-1.0144067796610485,sl,1.0,0.0,1.6906779661017837,M5,buy,2026-02-17 03:45:00,M5_25759,2026-02
0.13891273247504535,0.12889842632339982,partial_be,20.0,0.9599427753935844,0.22603719599414407,M5,sell,2025-12-30 13:15:00,M5_22675,2025-12
0.7640692640692762,0.7489177489177606,trail,13.0,2.4264069264069916,0.16666666666666666,M5,buy,2025-10-10 14:00:00,M5_17930,2025-10
1.5184376246954103,1.5027776694381372,trail,38.0,2.5816554809847103,0.43176733780773463,M5,sell,2026-01-16 05:45:00,M5_23743,2026-01
-1.011235955056221,-1.0191011235955474,sl,14.0,0.21797752808995377,1.0325842696629186,M5,sell,2025-12-09 08:50:00,M5_21538,2025-12
0.14462155579007813,0.14028719046500077,partial_be,25.0,1.1869969040247657,0.12074303405571561,M5,sell,2025-10-22 14:30:00,M5_18677,2025-10
-1.0089686098654214,-1.0152466367712507,sl,9.0,0.32376681614345254,1.029596412556046,M5,sell,2025-12-10 08:20:00,M5_21483,2025-12
-1.0127226463104209,-1.0216284987277235,sl,8.0,0.5559796437658804,1.0445292620865017,M5,buy,2025-11-20 07:00:00,M5_20526,2025-11
0.14665619389589976,0.14351436265712056,partial_be,530.0,0.7226211849192347,0.23473967684019853,M5,buy,2025-12-11 02:35:00,M5_21698,2025-12
-1.0183150183150882,-1.0311355311356032,sl,0.0,0.0,2.5824175824178957,M5,buy,2026-02-23 18:15:00,M5_26164,2026-02
0.7683230671326068,0.7598689608524133,trail,151.0,2.3635265700484016,0.6086956521739274,M5,sell,2025-10-10 01:15:00,M5_17870,2025-10
2.1515096047569715,2.13954379279116,tp2,149.0,4.239316239316007,0.7760683760683216,M5,sell,2025-12-17 04:20:00,M5_21939,2025-12
-1.3089430894309357,-1.3184281842818848,sl,4416.0,0.009485094850971137,1.475609756097613,M5,sell,2025-04-17 18:55:00,M5_6652,2025-04
0.14158718149641092,0.13408450196800786,partial_be,4.0,0.695605573419109,0.2733118971060822,M5,buy,2025-04-07 07:55:00,M5_5867,2025-04
-1.0096805421103934,-1.0164569215876442,sl,115.0,0.4404646660212739,1.070667957405617,M5,sell,2025-04-17 17:25:00,M5_6603,2025-04
0.14078802553380163,0.13231344926261493,partial_be,45.0,1.4648910411622584,0.4539951573850009,M5,buy,2025-11-04 01:45:00,M5_19368,2025-11
1.521442643279517,1.5117473524207903,trail,124.0,3.009695290858938,0.5581717451523699,M5,sell,2026-02-25 09:45:00,M5_26206,2026-02
-1.0046598322460558,-1.0079217148182833,sl,3.0,0.19291705498599304,1.9841565703634603,M5,buy,2026-01-30 02:50:00,M5_24669,2026-01
2.1515096047569715,2.13954379279116,tp2,149.0,4.239316239316007,0.7760683760683216,M5,sell,2025-12-17 05:50:00,M5_21939,2025-12
0.766379310344773,0.754310344827532,trail,111.0,1.5086206896550467,0.215517241379382,M5,sell,2025-07-16 02:05:00,M5_12289,2025-07
0.7706408159385147,0.7645272788206112,trail,544.0,2.0541484716155485,0.6855895196506432,M5,buy,2026-02-16 16:05:00,M5_25697,2026-02
0.13799999999995635,0.12679999999995634,partial_be,52.0,0.7472000000000116,0.4352000000000407,M5,sell,2026-01-15 11:30:00,M5_23664,2026-01
0.7717598297300022,0.7678881483140731,trail,329.0,2.0481194690264912,0.5088495575221282,M5,buy,2025-11-17 05:30:00,M5_20214,2025-11
-1.0112233445566157,-1.0190796857462896,sl,22.0,0.16947250280574402,1.3681257014589747,M5,sell,2025-12-16 10:05:00,M5_21988,2025-12
-1.0141442715700006,-1.0240452616690103,sl,1.0,0.0,1.4101838755304135,M5,buy,2025-10-14 01:00:00,M5_18062,2025-10
-1.0232558139534687,-1.0395348837209117,sl,12.0,0.27209302325584817,1.0023255813953997,M5,buy,2025-05-13 09:40:00,M5_8096,2025-05
0.7664700486827487,0.7563103970136629,trail,120.0,1.6574746008708685,0.7314949201741737,M5,buy,2025-05-19 03:10:00,M5_8415,2025-05
0.1341367670959923,0.11939992499072916,partial_be,14.0,0.9978947368422508,0.465263157894553,M5,buy,2026-02-19 18:30:00,M5_25981,2026-02
1.523190251364593,1.5184669045359829,trail,705.0,3.5053981106613863,0.9568151147098286,M5,buy,2025-11-13 01:15:00,M5_20068,2025-11
1.5192524456241872,1.504263152262303,trail,53.0,3.87580299785869,0.12847965738755882,M5,sell,2025-05-02 10:10:00,M5_7400,2025-05
-1.0174520069807063,-1.0296684118672672,sl,1.0,0.0,2.7626527050608414,M5,buy,2025-12-24 01:50:00,M5_22473,2025-12
0.13865218822106698,0.12849253655198184,partial_be,116.0,1.0203193033380857,0.2336719883889769,M5,sell,2025-07-04 03:00:00,M5_11514,2025-07
0.7706486294966952,0.7663958955963308,trail,345.0,2.0279465370594854,0.6445929526123724,M5,sell,2026-01-02 10:45:00,M5_22670,2026-01
2.151005288465373,2.1366610261702914,tp2,162.0,4.12295081967211,0.08811475409832514,M5,sell,2025-06-06 04:35:00,M5_9711,2025-06
0.14073509617206312,0.13220890859593648,partial_be,3.0,0.8148599269183399,0.7429963459196512,M5,buy,2026-02-25 15:45:00,M5_26308,2026-02
0.14005235602095129,0.13089005235602968,partial_be,376.0,1.0680628272251296,0.31806282722511475,M5,sell,2025-02-13 05:40:00,M5_2486,2025-02
-1.0129533678756355,-1.0220207253885887,sl,15.0,0.28367875647668167,1.058290155440389,M5,buy,2025-10-28 03:15:00,M5_19024,2025-10
-1.0050454086781213,-1.0085771947527935,sl,3.0,0.0,1.0277497477295756,M5,buy,2025-10-21 06:45:00,M5_18497,2025-10
0.7647959183673216,0.7505102040816076,trail,41.0,1.846938775510207,0.7102040816326436,M5,buy,2025-08-14 12:35:00,M5_14042,2025-08
-1.0089686098654214,-1.0152466367712507,sl,9.0,0.32376681614345254,1.029596412556046,M5,sell,2025-12-10 02:20:00,M5_21483,2025-12
2.153592233009627,2.1463757381642665,tp2,154.0,4.114432989690591,0.2886597938144436,M5,buy,2025-04-03 17:55:00,M5_5730,2025-04
-1.0189035916824027,-1.0321361058600964,sl,6.0,0.003780718336566483,1.22495274102072,M5,sell,2025-10-09 13:45:00,M5_17792,2025-10
0.7717598297300022,0.7678881483140731,trail,329.0,2.0481194690264912,0.5088495575221282,M5,buy,2025-11-17 03:15:00,M5_20214,2025-11
-1.012360939431443,-1.0210135970334215,sl,44.0,0.5957972805934578,1.2904820766378968,M5,buy,2025-10-23 17:00:00,M5_18795,2025-10
0.14073509617206312,0.13220890859593648,partial_be,3.0,0.8148599269183399,0.7429963459196512,M5,buy,2026-02-25 12:00:00,M5_26308,2026-02
1.523190251364593,1.5184669045359829,trail,705.0,3.5053981106613863,0.9568151147098286,M5,buy,2025-11-13 05:45:00,M5_20068,2025-11
-1.0177935943061147,-1.03024911032035,sl,4.0,0.24733096085407466,1.3380782918149694,M5,buy,2025-10-29 11:00:00,M5_19133,2025-10
0.14005235602095129,0.13089005235602968,partial_be,376.0,1.0680628272251296,0.31806282722511475,M5,sell,2025-02-13 09:25:00,M5_2486,2025-02
0.14158718149641092,0.13408450196800786,partial_be,4.0,0.695605573419109,0.2733118971060822,M5,buy,2025-04-07 13:55:00,M5_5867,2025-04
0.14078802553380163,0.13231344926261493,partial_be,45.0,1.4648910411622584,0.4539951573850009,M5,buy,2025-11-03 10:30:00,M5_19368,2025-11
0.144456623472829,0.139516609358503,partial_be,286.0,1.329569513055755,0.14396612561749847,M5,sell,2025-04-08 07:25:00,M5_5918,2025-04
0.7703198993426267,0.7647775398810274,trail,13.0,1.6935866983372314,0.44259699129058566,M5,buy,2026-01-26 13:05:00,M5_24336,2026-01
0.1395242763118504,0.13006481685239107,partial_be,7.0,0.6729729729729672,0.24594594594596506,M5,buy,2025-04-23 04:40:00,M5_6877,2025-04
1.521442643279517,1.5117473524207903,trail,124.0,3.009695290858938,0.5581717451523699,M5,sell,2026-02-25 14:15:00,M5_26206,2026-02
-0.05846153846155525,-0.06923076923078601,sl,0.0,1.433846153846179,0.25846153846151326,M5,buy,2025-10-24 17:15:00,M5_18895,2025-10
1.5210625851959252,1.5090143924248407,trail,10.0,3.108433734939779,0.2151462994836509,M5,buy,2025-10-01 18:15:00,M5_17209,2025-10
0.7707128265132799,0.7655770965059429,trail,39.0,2.4673514306677977,0.13646368305207496,M5,buy,2026-01-27 13:20:00,M5_24443,2026-01
-1.0141442715700006,-1.0240452616690103,sl,1.0,0.0,1.4101838755304135,M5,buy,2025-10-14 03:15:00,M5_18062,2025-10
-1.023419203747158,-1.039812646370109,sl,1.0,0.23185011709596862,1.2552693208431265,M5,buy,2025-05-08 01:25:00,M5_7657,2025-05
-1.0096805421103934,-1.0164569215876442,sl,115.0,0.4404646660212739,1.070667957405617,M5,sell,2025-04-17 11:25:00,M5_6603,2025-04
-1.0177935943061147,-1.03024911032035,sl,4.0,0.24733096085407466,1.3380782918149694,M5,buy,2025-10-29 14:00:00,M5_19133,2025-10
-0.8302828618967721,-0.8419301164724788,sl,0.0,0.0,1.5657237936771236,M5,sell,2026-01-16 09:30:00,M5_23665,2026-01
0.14631204245551144,0.14316314456977136,partial_be,36.0,1.3247863247863836,0.603688708951882,M5,sell,2026-02-04 02:05:00,M5_24752,2026-02
-1.0179211469533875,-1.0304659498207702,sl,0.0,0.0,1.8207885304658806,M5,sell,2025-04-25 10:25:00,M5_7079,2025-04
0.1388048411497483,0.12821482602115475,partial_be,5.0,0.9228441754916424,0.6111951588503893,M5,sell,2026-01-09 14:15:00,M5_23172,2026-01
-1.007598784194487,-1.0129179331306566,sl,0.0,0.0,1.0326747720364253,M5,buy,2026-01-29 07:05:00,M5_24603,2026-01
0.14005235602095129,0.13089005235602968,partial_be,376.0,1.0680628272251296,0.31806282722511475,M5,sell,2025-02-13 07:10:00,M5_2486,2025-02
-1.0202020202020008,-1.0343434343434141,sl,6.0,0.2020202020201909,1.084848484848495,M5,buy,2025-07-08 12:35:00,M5_11687,2025-07
1.5205479452054216,1.5085616438355587,trail,37.0,2.643835616438222,0.130136986301404,M5,sell,2025-05-02 01:55:00,M5_7401,2025-05
2.151005288465373,2.1366610261702914,tp2,162.0,4.12295081967211,0.08811475409832514,M5,sell,2025-06-06 06:05:00,M5_9711,2025-06
-1.0189035916824027,-1.0321361058600964,sl,6.0,0.003780718336566483,1.22495274102072,M5,sell,2025-10-09 11:30:00,M5_17792,2025-10
0.14631167562284447,0.14289203712748544,partial_be,651.0,1.4914509037615713,0.47484123106986487,M5,sell,2025-05-13 07:25:00,M5_8028,2025-05
0.7706408159385147,0.7645272788206112,trail,544.0,2.0541484716155485,0.6855895196506432,M5,buy,2026-02-16 10:05:00,M5_25697,2026-02
-1.0130378096480264,-1.0221642764016117,sl,1.0,0.0,1.229465449804459,M5,sell,2025-10-10 16:15:00,M5_17859,2025-10
1.5205479452054216,1.5085616438355587,trail,37.0,2.643835616438222,0.130136986301404,M5,sell,2025-05-01 16:40:00,M5_7401,2025-05
0.14005235602095129,0.13089005235602968,partial_be,376.0,1.0680628272251296,0.31806282722511475,M5,sell,2025-02-13 13:55:00,M5_2486,2025-02
0.13984478811451997,0.1305362774762221,partial_be,37.0,1.4574468085105863,0.8803191489362183,M5,buy,2025-11-20 15:15:00,M5_20558,2025-11
0.1388048411497483,0.12821482602115475,partial_be,5.0,0.9228441754916424,0.6111951588503893,M5,sell,2026-01-09 09:45:00,M5_23172,2026-01
1.523190251364593,1.5184669045359829,trail,705.0,3.5053981106613863,0.9568151147098286,M5,buy,2025-11-13 16:15:00,M5_20068,2025-11
1.5220223325061906,1.5133374689826173,trail,214.0,2.7282878411910585,0.6315136476427022,M5,sell,2025-10-10 09:30:00,M5_17869,2025-10
0.13382348528036858,0.11892986825909142,partial_be,8.0,0.9914893617021351,0.5319148936170419,M5,buy,2026-01-06 10:30:00,M5_23080,2026-01
1.5205479452054216,1.5085616438355587,trail,37.0,2.643835616438222,0.130136986301404,M5,sell,2025-05-01 10:40:00,M5_7401,2025-05
1.5208417754004806,1.5112395806131007,trail,201.0,2.5020576131687693,0.24691358024693977,M5,buy,2025-04-29 01:55:00,M5_7190,2025-04
-1.0225225225226064,-1.0382882882883737,sl,1.0,0.0,1.6148648648650268,M5,buy,2026-02-23 13:45:00,M5_26135,2026-02
1.523190251364593,1.5184669045359829,trail,705.0,3.5053981106613863,0.9568151147098286,M5,buy,2025-11-13 08:00:00,M5_20068,2025-11
0.14005235602095129,0.13089005235602968,partial_be,376.0,1.0680628272251296,0.31806282722511475,M5,sell,2025-02-13 11:40:00,M5_2486,2025-02
0.1388048411497483,0.12821482602115475,partial_be,5.0,0.9228441754916424,0.6111951588503893,M5,sell,2026-01-09 03:45:00,M5_23172,2026-01
1.5184376246954103,1.5027776694381372,trail,38.0,2.5816554809847103,0.43176733780773463,M5,sell,2026-01-16 07:15:00,M5_23743,2026-01
0.1388048411497483,0.12821482602115475,partial_be,5.0,0.9228441754916424,0.6111951588503893,M5,sell,2026-01-09 08:15:00,M5_23172,2026-01
-1.0130378096480264,-1.0221642764016117,sl,1.0,0.0,1.229465449804459,M5,sell,2025-10-10 17:45:00,M5_17859,2025-10
-1.0089686098654214,-1.0152466367712507,sl,9.0,0.32376681614345254,1.029596412556046,M5,sell,2025-12-10 10:35:00,M5_21483,2025-12
0.14078802553380163,0.13231344926261493,partial_be,45.0,1.4648910411622584,0.4539951573850009,M5,buy,2025-11-03 08:15:00,M5_19368,2025-11
-1.014347202295606,-1.0243902439024934,sl,15.0,0.5337159253946347,1.0832137733143317,M5,sell,2025-12-16 01:50:00,M5_21951,2025-12
-1.0138888888888766,-1.023611111111099,sl,4.0,0.23333333333337966,1.2263888888889098,M5,buy,2025-04-17 09:10:00,M5_6560,2025-04
-1.0061162079510648,-1.0103975535168142,sl,19.0,0.039755351681962973,1.1039755351681853,M5,buy,2025-05-07 12:25:00,M5_7638,2025-05
1.521442643279517,1.5117473524207903,trail,124.0,3.009695290858938,0.5581717451523699,M5,sell,2026-02-25 15:45:00,M5_26206,2026-02
2.153592233009627,2.1463757381642665,tp2,154.0,4.114432989690591,0.2886597938144436,M5,buy,2025-04-04 07:40:00,M5_5730,2025-04
0.144456623472829,0.139516609358503,partial_be,286.0,1.329569513055755,0.14396612561749847,M5,sell,2025-04-08 03:40:00,M5_5918,2025-04
2.1494949494950717,2.135353535353657,tp2,96.0,4.032323232323388,0.4969696969697226,M5,buy,2025-06-17 07:50:00,M5_10355,2025-06
1.521442643279517,1.5117473524207903,trail,124.0,3.009695290858938,0.5581717451523699,M5,sell,2026-02-25 12:00:00,M5_26206,2026-02
0.1388048411497483,0.12821482602115475,partial_be,5.0,0.9228441754916424,0.6111951588503893,M5,sell,2026-01-09 12:00:00,M5_23172,2026-01
0.14631167562284447,0.14289203712748544,partial_be,651.0,1.4914509037615713,0.47484123106986487,M5,sell,2025-05-13 01:25:00,M5_8028,2025-05
-1.023419203747158,-1.039812646370109,sl,1.0,0.23185011709596862,1.2552693208431265,M5,buy,2025-05-07 18:25:00,M5_7657,2025-05
0.14078802553380163,0.13231344926261493,partial_be,45.0,1.4648910411622584,0.4539951573850009,M5,buy,2025-11-03 16:30:00,M5_19368,2025-11
-1.0100908173561964,-1.0171543895055402,sl,44.0,0.2845610494450127,1.0766902119071382,M5,sell,2025-05-16 13:25:00,M5_8325,2025-05
2.153592233009627,2.1463757381642665,tp2,154.0,4.114432989690591,0.2886597938144436,M5,buy,2025-04-04 09:55:00,M5_5730,2025-04
-1.0075700227100959,-1.0128690386071435,sl,1.0,0.28614685844055526,1.1763815291445814,M5,buy,2026-01-29 13:05:00,M5_24593,2026-01
0.13830636209260563,0.12765187198606026,partial_be,20.0,0.7260273972602341,0.5859969558600508,M5,sell,2026-01-22 07:20:00,M5_24122,2026-01
0.13585005290394864,0.12254206811307354,partial_be,21.0,0.6615969581749381,0.2566539923954315,M5,sell,2025-10-02 05:45:00,M5_17294,2025-10
0.13351983468926923,0.11823599189450916,partial_be,67.0,0.7510917030566931,0.2794759825327992,M5,sell,2025-02-18 03:35:00,M5_2774,2025-02
-1.0130378096480264,-1.0221642764016117,sl,1.0,0.0,1.229465449804459,M5,sell,2025-10-10 14:00:00,M5_17859,2025-10
0.770475716019804,0.7687426137667711,trail,77.0,2.260955682099504,0.04481307254271814,M5,buy,2026-01-30 13:20:00,M5_24723,2026-01
0.14073509617206312,0.13220890859593648,partial_be,3.0,0.8148599269183399,0.7429963459196512,M5,buy,2026-02-25 07:30:00,M5_26308,2026-02
-1.007598784194487,-1.0129179331306566,sl,0.0,0.0,1.0326747720364253,M5,buy,2026-01-29 08:35:00,M5_24603,2026-01
-0.8302828618967721,-0.8419301164724788,sl,0.0,0.0,1.5657237936771236,M5,sell,2026-01-16 11:45:00,M5_23665,2026-01
0.7647959183673216,0.7505102040816076,trail,41.0,1.846938775510207,0.7102040816326436,M5,buy,2025-08-14 06:35:00,M5_14042,2025-08
-1.0061162079510648,-1.0103975535168142,sl,19.0,0.039755351681962973,1.1039755351681853,M5,buy,2025-05-08 08:10:00,M5_7638,2025-05
-1.0067658998646452,-1.0115020297699227,sl,14.0,0.2266576454668756,1.3213802435724007,M5,sell,2025-10-20 11:00:00,M5_18419,2025-10
-1.0177935943061147,-1.03024911032035,sl,4.0,0.24733096085407466,1.3380782918149694,M5,buy,2025-10-29 11:45:00,M5_19133,2025-10
-1.0179211469533875,-1.0304659498207702,sl,0.0,0.0,1.8207885304658806,M5,sell,2025-04-25 17:10:00,M5_7079,2025-04
-1.0089686098654214,-1.0152466367712507,sl,9.0,0.32376681614345254,1.029596412556046,M5,sell,2025-12-10 15:05:00,M5_21483,2025-12
0.14631204245551144,0.14316314456977136,partial_be,36.0,1.3247863247863836,0.603688708951882,M5,sell,2026-02-03 16:50:00,M5_24752,2026-02
-1.011337868480663,-1.0192743764171703,sl,1.0,0.2029478458049703,1.4285714285713695,M5,buy,2025-10-17 03:15:00,M5_18366,2025-10
0.1327231121281591,0.1167048054920031,partial_be,2.0,1.258581235697972,0.6887871853547582,M5,buy,2025-04-11 07:25:00,M5_6253,2025-04
0.7706408159385147,0.7645272788206112,trail,544.0,2.0541484716155485,0.6855895196506432,M5,buy,2026-02-16 12:20:00,M5_25697,2026-02
0.7710399484200635,0.7661482642830966,trail,20.0,1.8001397624038147,0.21733053808528965,M5,sell,2026-02-06 14:35:00,M5_25070,2026-02
-1.0179211469533875,-1.0304659498207702,sl,0.0,0.0,1.8207885304658806,M5,sell,2025-04-25 12:40:00,M5_7079,2025-04
1.5193836978131838,1.5054671968191473,trail,9.0,2.7475149105368604,0.4990059642147804,M5,buy,2026-01-21 07:05:00,M5_24031,2026-01
0.1388048411497483,0.12821482602115475,partial_be,5.0,0.9228441754916424,0.6111951588503893,M5,sell,2026-01-09 06:00:00,M5_23172,2026-01
-1.0130378096480264,-1.0221642764016117,sl,1.0,0.0,1.229465449804459,M5,sell,2025-10-10 11:45:00,M5_17859,2025-10
-1.018281535648894,-1.0310786106031893,sl,0.0,0.0,1.409506398537418,M5,buy,2026-01-21 13:50:00,M5_24066,2026-01
1.5205479452054216,1.5085616438355587,trail,37.0,2.643835616438222,0.130136986301404,M5,sell,2025-05-01 08:25:00,M5_7401,2025-05
0.13585005290394864,0.12254206811307354,partial_be,21.0,0.6615969581749381,0.2566539923954315,M5,sell,2025-10-02 04:15:00,M5_17294,2025-10
0.7795315682281957,0.7652749490835924,trail,40.0,2.437881873727212,0.18533604887981292,M5,buy,2025-12-02 09:05:00,M5_21062,2025-12
-1.0096805421103934,-1.0164569215876442,sl,115.0,0.4404646660212739,1.070667957405617,M5,sell,2025-04-17 12:55:00,M5_6603,2025-04
0.13876319758680428,0.12820512820520566,partial_be,19.0,1.3650075414781346,0.1266968325792054,M5,buy,2026-01-07 01:45:00,M5_23133,2026-01
0.7706408159385147,0.7645272788206112,trail,544.0,2.0541484716155485,0.6855895196506432,M5,buy,2026-02-16 13:50:00,M5_25697,2026-02
0.13585005290394864,0.12254206811307354,partial_be,21.0,0.6615969581749381,0.2566539923954315,M5,sell,2025-10-02 02:00:00,M5_17294,2025-10
-1.0061162079510648,-1.0103975535168142,sl,19.0,0.039755351681962973,1.1039755351681853,M5,buy,2025-05-07 07:55:00,M5_7638,2025-05
0.13351983468926923,0.11823599189450916,partial_be,67.0,0.7510917030566931,0.2794759825327992,M5,sell,2025-02-17 03:10:00,M5_2774,2025-02
0.13909224011707186,0.12884333821370425,partial_be,15.0,1.0980966325035388,0.2679355783310185,M5,sell,2025-11-19 11:15:00,M5_20203,2025-11
-1.0050454086781213,-1.0085771947527935,sl,3.0,0.0,1.0277497477295756,M5,buy,2025-10-21 03:00:00,M5_18497,2025-10
0.7710399484200635,0.7661482642830966,trail,20.0,1.8001397624038147,0.21733053808528965,M5,sell,2026-02-06 10:50:00,M5_25070,2026-02
-1.0145348837209838,-1.0247093023256355,sl,27.0,0.46511627906983044,1.2965116279069864,M5,buy,2025-04-04 01:40:00,M5_5734,2025-04
0.13585005290394864,0.12254206811307354,partial_be,21.0,0.6615969581749381,0.2566539923954315,M5,sell,2025-10-02 08:00:00,M5_17294,2025-10
-1.0213219616205484,-1.0362473347548782,sl,7.0,0.2963752665246154,1.023454157782448,M5,sell,2025-12-24 13:50:00,M5_22487,2025-12
-1.0179211469533875,-1.0304659498207702,sl,0.0,0.0,1.8207885304658806,M5,sell,2025-04-25 14:55:00,M5_7079,2025-04
0.13909224011707186,0.12884333821370425,partial_be,15.0,1.0980966325035388,0.2679355783310185,M5,sell,2025-11-19 09:45:00,M5_20203,2025-11
1.5220223325061906,1.5133374689826173,trail,214.0,2.7282878411910585,0.6315136476427022,M5,sell,2025-10-10 07:15:00,M5_17869,2025-10
0.7710399484200635,0.7661482642830966,trail,20.0,1.8001397624038147,0.21733053808528965,M5,sell,2026-02-06 08:35:00,M5_25070,2026-02
0.7647959183673216,0.7505102040816076,trail,41.0,1.846938775510207,0.7102040816326436,M5,buy,2025-08-14 10:20:00,M5_14042,2025-08
-1.0138888888888766,-1.023611111111099,sl,4.0,0.23333333333337966,1.2263888888889098,M5,buy,2025-04-17 15:10:00,M5_6560,2025-04
-1.03614457831322,-1.0502008032128183,sl,4.0,0.3032128514055739,1.0461847389558268,M5,sell,2025-06-11 10:35:00,M5_9798,2025-06
1.520574604818999,1.5057754504849623,trail,46.0,2.661733615221752,0.9978858350950914,M5,buy,2026-02-19 10:15:00,M5_25933,2026-02
0.7706486294966952,0.7663958955963308,trail,345.0,2.0279465370594854,0.6445929526123724,M5,sell,2026-01-02 12:15:00,M5_22670,2026-01
2.150476190476097,2.1371428571427638,tp2,18.0,4.340952380952374,0.7333333333334027,M5,buy,2026-01-07 10:00:00,M5_23034,2026-01
0.1418631654429707,0.13478530902234404,partial_be,5.0,0.7239635995955124,0.9271991911021,M5,buy,2026-02-24 05:45:00,M5_26098,2026-02
0.7652749842222011,0.7530157898264043,trail,29.0,2.099824868651517,0.06304728546404033,M5,buy,2025-04-02 13:55:00,M5_5425,2025-04
0.144456623472829,0.139516609358503,partial_be,286.0,1.329569513055755,0.14396612561749847,M5,sell,2025-04-08 01:25:00,M5_5918,2025-04
-1.03614457831322,-1.0502008032128183,sl,4.0,0.3032128514055739,1.0461847389558268,M5,sell,2025-06-11 08:20:00,M5_9798,2025-06
1.5210625851959252,1.5090143924248407,trail,10.0,3.108433734939779,0.2151462994836509,M5,buy,2025-10-02 04:15:00,M5_17209,2025-10
-1.0067658998646452,-1.0115020297699227,sl,14.0,0.2266576454668756,1.3213802435724007,M5,sell,2025-10-20 13:15:00,M5_18419,2025-10
0.7795315682281957,0.7652749490835924,trail,40.0,2.437881873727212,0.18533604887981292,M5,buy,2025-12-02 04:35:00,M5_21062,2025-12
-1.0145348837209838,-1.0247093023256355,sl,27.0,0.46511627906983044,1.2965116279069864,M5,buy,2025-04-04 03:10:00,M5_5734,2025-04
0.7652749842222011,0.7530157898264043,trail,29.0,2.099824868651517,0.06304728546404033,M5,buy,2025-04-02 18:25:00,M5_5425,2025-04
0.1418631654429707,0.13478530902234404,partial_be,5.0,0.7239635995955124,0.9271991911021,M5,buy,2026-02-24 11:45:00,M5_26098,2026-02
0.7652559055118533,0.751476377952798,trail,144.0,2.061023622047324,0.8503937007873564,M5,buy,2025-05-30 02:35:00,M5_9225,2025-05
0.14631204245551144,0.14316314456977136,partial_be,36.0,1.3247863247863836,0.603688708951882,M5,sell,2026-02-03 10:50:00,M5_24752,2026-02
-1.0089686098654214,-1.0152466367712507,sl,9.0,0.32376681614345254,1.029596412556046,M5,sell,2025-12-10 12:50:00,M5_21483,2025-12
-1.0061162079510648,-1.0103975535168142,sl,19.0,0.039755351681962973,1.1039755351681853,M5,buy,2025-05-08 05:55:00,M5_7638,2025-05
2.1516103283472763,2.143257106390236,tp2,2.0,4.311455847255327,0.23747016706441,M5,sell,2026-02-13 08:20:00,M5_25561,2026-02
-1.0067658998646452,-1.0115020297699227,sl,14.0,0.2266576454668756,1.3213802435724007,M5,sell,2025-10-20 02:45:00,M5_18419,2025-10
0.1418631654429707,0.13478530902234404,partial_be,5.0,0.7239635995955124,0.9271991911021,M5,buy,2026-02-24 08:00:00,M5_26098,2026-02
0.13891273247504535,0.12889842632339982,partial_be,20.0,0.9599427753935844,0.22603719599414407,M5,sell,2025-12-30 06:30:00,M5_22675,2025-12
2.1515096047569715,2.13954379279116,tp2,149.0,4.239316239316007,0.7760683760683216,M5,sell,2025-12-17 02:05:00,M5_21939,2025-12
0.14631204245551144,0.14316314456977136,partial_be,36.0,1.3247863247863836,0.603688708951882,M5,sell,2026-02-03 14:35:00,M5_24752,2026-02
0.14005235602095129,0.13089005235602968,partial_be,376.0,1.0680628272251296,0.31806282722511475,M5,sell,2025-02-13 03:25:00,M5_2486,2025-02
0.7710399484200635,0.7661482642830966,trail,20.0,1.8001397624038147,0.21733053808528965,M5,sell,2026-02-06 12:20:00,M5_25070,2026-02
0.7795315682281957,0.7652749490835924,trail,40.0,2.437881873727212,0.18533604887981292,M5,buy,2025-12-02 06:50:00,M5_21062,2025-12
0.14631204245551144,0.14316314456977136,partial_be,36.0,1.3247863247863836,0.603688708951882,M5,sell,2026-02-03 02:35:00,M5_24752,2026-02
0.7647959183673216,0.7505102040816076,trail,41.0,1.846938775510207,0.7102040816326436,M5,buy,2025-08-14 04:20:00,M5_14042,2025-08
2.150476190476097,2.1371428571427638,tp2,18.0,4.340952380952374,0.7333333333334027,M5,buy,2026-01-07 12:15:00,M5_23034,2026-01
0.13351983468926923,0.11823599189450916,partial_be,67.0,0.7510917030566931,0.2794759825327992,M5,sell,2025-02-18 01:20:00,M5_2774,2025-02
-1.023419203747158,-1.039812646370109,sl,1.0,0.23185011709596862,1.2552693208431265,M5,buy,2025-05-07 10:10:00,M5_7657,2025-05
0.7647959183673216,0.7505102040816076,trail,41.0,1.846938775510207,0.7102040816326436,M5,buy,2025-08-14 08:50:00,M5_14042,2025-08
0.1418631654429707,0.13478530902234404,partial_be,5.0,0.7239635995955124,0.9271991911021,M5,buy,2026-02-24 14:00:00,M5_26098,2026-02
1.5210625851959252,1.5090143924248407,trail,10.0,3.108433734939779,0.2151462994836509,M5,buy,2025-10-02 02:00:00,M5_17209,2025-10
1.523190251364593,1.5184669045359829,trail,705.0,3.5053981106613863,0.9568151147098286,M5,buy,2025-11-13 09:30:00,M5_20068,2025-11
-1.0183150183150882,-1.0311355311356032,sl,0.0,0.0,2.5824175824178957,M5,buy,2026-02-24 01:15:00,M5_26164,2026-02
0.14631204245551144,0.14316314456977136,partial_be,36.0,1.3247863247863836,0.603688708951882,M5,sell,2026-02-03 13:05:00,M5_24752,2026-02
0.7647959183673216,0.7505102040816076,trail,41.0,1.846938775510207,0.7102040816326436,M5,buy,2025-08-14 02:05:00,M5_14042,2025-08
0.7795315682281957,0.7652749490835924,trail,40.0,2.437881873727212,0.18533604887981292,M5,buy,2025-12-01 11:05:00,M5_21062,2025-12
0.7795315682281957,0.7652749490835924,trail,40.0,2.437881873727212,0.18533604887981292,M5,buy,2025-12-01 15:35:00,M5_21062,2025-12
0.7795315682281957,0.7652749490835924,trail,40.0,2.437881873727212,0.18533604887981292,M5,buy,2025-12-01 13:20:00,M5_21062,2025-12
1.523994531332159,1.5205240305884804,trail,385.0,2.6584035696578927,0.2345066931085997,M10,buy,2026-02-23 19:00:00,M10_13724,2026-02
-1.0110497237568958,-1.01878453038673,sl,72.0,0.2022099447513691,1.0331491712706875,M10,buy,2025-09-26 18:20:00,M10_8923,2025-09
0.13794572538660488,0.12670977033042516,partial_be,476.0,0.6532905296949755,0.9678972712680871,M10,buy,2025-08-22 22:20:00,M10_7776,2025-08
-1.006570302233927,-1.011169513797659,sl,214.0,0.5873850197109655,1.2141918528252535,M10,buy,2026-02-18 18:00:00,M10_13569,2026-02
1.520177165354324,1.5063976377952686,trail,185.0,3.253937007874012,0.407480314960668,M10,buy,2025-09-15 20:00:00,M10_8485,2025-09
1.520177165354324,1.5063976377952686,trail,185.0,3.253937007874012,0.407480314960668,M10,buy,2025-09-15 23:20:00,M10_8485,2025-09
1.9135398628697358,1.909826335018277,forced,4434.0,3.6339522546419274,0.17453580901856655,M10,buy,2025-08-22 19:00:00,M10_7774,2025-08
0.7666730349699624,0.7559532799929336,trail,73.0,1.548238897396603,0.6431852986216983,M10,buy,2025-08-07 23:20:00,M10_7313,2025-08
2.149991169198165,2.1487548569410118,tp2,3142.0,4.009713882020491,0.0052984811020872925,M10,buy,2026-01-19 02:20:00,M10_12505,2026-01
1.5233906945823457,1.51892640886806,trail,703.0,3.2582908163264794,0.9591836734693676,M10,buy,2025-11-12 19:20:00,M10_10420,2025-11
1.5198915009042449,1.507233273056143,trail,30.0,3.191681735985697,0.33996383363467286,M10,buy,2025-04-21 23:00:00,M10_3569,2025-04
2.149828767123619,2.1378424657537547,tp2,105.0,4.172945205480135,0.3116438356164293,M10,buy,2025-12-23 23:30:00,M10_11747,2025-12
-1.0185528756957163,-1.0315398886827296,sl,2.0,0.06307977736552015,1.1372912801483857,M10,buy,2025-03-04 12:40:00,M10_2003,2025-03
1.5203283267900354,1.5067624353171667,trail,69.0,2.505813953488411,0.34496124031012604,M10,buy,2025-06-02 18:40:00,M10_5062,2025-06
1.5213971466469522,1.5115518583206513,trail,58.0,2.666666666666624,0.26722925457103475,M10,buy,2025-09-23 18:40:00,M10_8740,2025-09
0.12443812443817262,0.10086910086914745,partial_be,6.0,0.6262626262627113,0.18181818181818182,M10,buy,2025-02-13 22:00:00,M10_1440,2025-02
0.13982268489162486,0.13058785639558257,partial_be,50.0,0.9129287598944774,0.4419525065962983,M10,sell,2025-08-07 12:00:00,M10_7292,2025-08
0.14425825825826735,0.13952852852853753,partial_be,284.0,1.1554054054054512,0.8587837837837713,M10,buy,2025-04-09 22:40:00,M10_3229,2025-04
0.12485822022626661,0.10136828734036071,partial_be,55.0,0.697986577181332,0.6476510067113505,M10,buy,2025-08-27 20:40:00,M10_7919,2025-08
0.7653159604429015,0.752448313384078,trail,250.0,1.8786764705881798,0.23529411764709324,M10,buy,2025-01-10 21:40:00,M10_291,2025-01
0.14600166480575152,0.1429341801431748,partial_be,35.0,0.6183172655565627,0.16564417177913207,M10,sell,2025-10-14 19:00:00,M10_9497,2025-10
0.13391078882795632,0.11929701012231948,partial_be,49.0,1.0918580375783002,0.49060542797493256,M10,buy,2025-08-26 15:40:00,M10_7871,2025-08
0.14600166480575152,0.1429341801431748,partial_be,35.0,0.6183172655565627,0.16564417177913207,M10,sell,2025-10-14 11:40:00,M10_9497,2025-10
0.14058524173027995,0.1316793893129773,partial_be,6.0,0.6297709923663789,0.6704834605597833,M10,buy,2025-09-30 17:40:00,M10_9024,2025-09
0.7685094956149086,0.7607917447880064,trail,35.0,1.593164277839061,0.831312017640596,M10,buy,2026-01-23 19:00:00,M10_12745,2026-01
0.12877382315732053,0.109275215914979,partial_be,4.0,0.9192200557104363,0.27298050139278623,M10,buy,2025-01-24 06:00:00,M10_706,2025-01
1.5130824856719116,1.479749152338584,trail,32.0,3.2714285714279527,0.32857142857139765,M10,buy,2025-02-10 23:40:00,M10_1266,2025-02
1.5198915009042449,1.507233273056143,trail,30.0,3.191681735985697,0.33996383363467286,M10,buy,2025-04-21 21:40:00,M10_3569,2025-04
0.14205111384014607,0.13500886031901901,partial_be,69.0,0.6569416498994887,0.7957746478873413,M10,buy,2025-12-11 20:10:00,M10_11378,2025-12
-1.009920634920626,-1.0168650793650704,sl,3752.0,0.5188492063492119,1.0803571428571381,M10,sell,2025-03-21 19:00:00,M10_2609,2025-03
-1.009920634920626,-1.0168650793650704,sl,3752.0,0.5188492063492119,1.0803571428571381,M10,sell,2025-03-21 17:40:00,M10_2609,2025-03
2.156981132075484,2.153267604224025,tp2,5199.0,4.033952254641927,0.17453580901856655,M10,buy,2025-08-25 16:00:00,M10_7774,2025-08
0.14346599435737323,0.13779338495704915,partial_be,22.0,0.8978930307941488,0.2779578606159036,M10,buy,2026-01-26 06:00:00,M10_12759,2026-01
1.8682395201437338,1.8468327923149874,trail,341.0,2.7492354740062037,0.4801223241589351,M10,buy,2025-03-12 19:20:00,M10_2281,2025-03
2.1510109132222675,2.1391865888979433,tp2,219.0,4.336148648648607,0.06925675675673132,M10,buy,2025-04-16 20:20:00,M10_3469,2025-04
1.5203283267900354,1.5067624353171667,trail,69.0,2.505813953488411,0.34496124031012604,M10,buy,2025-06-02 17:20:00,M10_5062,2025-06
0.12877382315732053,0.109275215914979,partial_be,4.0,0.9192200557104363,0.27298050139278623,M10,buy,2025-01-24 23:20:00,M10_706,2025-01
0.12370242214535934,0.09948096885816105,partial_be,19.0,1.47750865051909,1.0069204152249076,M10,buy,2025-06-02 22:40:00,M10_5070,2025-06
0.14711538461540385,0.14442307692309614,partial_be,438.0,1.246538461538491,0.2746153846153622,M10,buy,2026-02-26 18:40:00,M10_13851,2026-02
-1.0127226463104795,-1.0216284987277826,sl,6.0,0.0,1.0038167938931555,M10,buy,2025-06-05 08:20:00,M10_5153,2025-06
-1.0259067357512741,-1.0440414507771822,sl,5.0,0.0,1.1968911917099179,M10,buy,2025-03-27 13:40:00,M10_2788,2025-03
2.1532010990175703,2.144418163007533,tp2,292.0,4.002509410288465,0.22710163111667347,M10,buy,2025-06-04 18:40:00,M10_5154,2025-06
-1.0216450216450004,-1.0367965367965144,sl,44.0,0.023809523809451158,1.019480519480451,M10,buy,2025-08-27 11:20:00,M10_7905,2025-08
0.13539806988543235,0.12175284571389146,partial_be,13.0,0.6471734892788279,0.341130604288522,M10,buy,2025-06-20 20:20:00,M10_5641,2025-06
-1.0142247510668432,-1.0241820768136423,sl,550.0,0.4893314366997869,1.0213371266002969,M10,sell,2025-02-14 18:20:00,M10_1476,2025-02
1.5213971466469522,1.5115518583206513,trail,58.0,2.666666666666624,0.26722925457103475,M10,buy,2025-09-23 14:00:00,M10_8740,2025-09
0.1320164697973897,0.11518954672046602,partial_be,17.0,0.7740384615385498,0.3701923076923119,M10,buy,2025-08-05 21:20:00,M10_7205,2025-08
-1.0313479623824162,-1.0532915360501274,sl,30.0,0.2852664576802003,1.0125391849529664,M10,buy,2025-01-16 21:00:00,M10_459,2025-01
0.7651276409550696,0.7503907988498064,trail,15.0,2.4210526315789473,4.103157894736796,M10,buy,2025-11-28 04:20:00,M10_10960,2025-11
0.13982268489162486,0.13058785639558257,partial_be,50.0,0.9129287598944774,0.4419525065962983,M10,sell,2025-08-07 12:40:00,M10_7292,2025-08
-1.0185528756957163,-1.0315398886827296,sl,2.0,0.06307977736552015,1.1372912801483857,M10,buy,2025-03-04 11:20:00,M10_2003,2025-03
1.5203283267900354,1.5067624353171667,trail,69.0,2.505813953488411,0.34496124031012604,M10,buy,2025-06-02 23:20:00,M10_5062,2025-06
0.1292802592687254,0.11010217707694506,partial_be,11.0,0.9342465753424026,0.0904109589040874,M10,buy,2025-07-04 08:20:00,M10_6070,2025-07
0.7662852112675398,0.7539612676055686,trail,223.0,2.413732394366,0.40669014084512006,M10,buy,2025-09-26 08:20:00,M10_8887,2025-09
0.7701233967479497,0.7634757234336096,trail,39.0,1.5033238366571995,0.10826210826205561,M10,buy,2025-11-19 12:20:00,M10_10627,2025-11
0.14600166480575152,0.1429341801431748,partial_be,35.0,0.6183172655565627,0.16564417177913207,M10,sell,2025-10-14 15:00:00,M10_9497,2025-10
0.7702507232401413,0.7635004821601028,trail,115.0,1.9922854387656772,0.5756991321118917,M10,buy,2026-02-24 20:00:00,M10_13770,2026-02
2.149828767123619,2.1378424657537547,tp2,105.0,4.172945205480135,0.3116438356164293,M10,buy,2025-12-23 21:30:00,M10_11747,2025-12
2.1515212425947188,2.142637993863754,tp2,123.0,4.020304568527784,0.24111675126910145,M10,buy,2026-01-22 22:40:00,M10_12697,2026-01
-1.0081103000810954,-1.0137875101378673,sl,125.0,0.3738848337388102,1.0713706407137131,M10,sell,2025-10-02 18:20:00,M10_9146,2025-10
2.156981132075484,2.153267604224025,tp2,5199.0,4.033952254641927,0.17453580901856655,M10,buy,2025-08-25 11:20:00,M10_7774,2025-08
-1.0133689839572684,-1.0227272727273224,sl,94.0,0.29278074866318676,1.1911764705882855,M10,buy,2025-11-26 18:40:00,M10_10904,2025-11
-0.6211072664360779,-0.6453287197232763,partial_be,152.0,1.3633217993080373,1.70242214532882,M10,buy,2025-09-22 21:40:00,M10_8716,2025-09
0.13469814004574787,0.12029484786467828,partial_be,585.0,1.4423868312756338,0.3271604938271819,M10,sell,2025-01-08 20:20:00,M10_228,2025-01
0.7701233967479497,0.7634757234336096,trail,39.0,1.5033238366571995,0.10826210826205561,M10,buy,2025-11-19 13:40:00,M10_10627,2025-11
-1.0225733634311294,-1.0383747178329341,sl,132.0,0.5169300225732186,1.0,M10,sell,2025-06-10 22:40:00,M10_5331,2025-06
0.7713351686166675,0.7665175498967776,trail,230.0,1.9710942876807178,0.03578802477629292,M10,buy,2025-11-24 21:20:00,M10_10801,2025-11
-1.0112612612613021,-1.0191441441441849,sl,14.0,0.2207207207207221,1.0326576576576532,M10,sell,2025-12-08 22:30:00,M10_11232,2025-12
1.5225648476698108,1.515973510569999,trail,179.0,2.502824858757124,0.8709981167608376,M10,buy,2025-10-09 23:20:00,M10_9380,2025-10
0.14386568747120748,0.1384727752986345,partial_be,61.0,0.6502311248073415,0.15716486902933735,M10,sell,2025-12-15 03:30:00,M10_11417,2025-12
1.5233906945823457,1.51892640886806,trail,703.0,3.2582908163264794,0.9591836734693676,M10,buy,2025-11-13 17:40:00,M10_10420,2025-11
0.7723325062034991,0.7688585607940698,trail,492.0,2.111166253101796,0.2501240694789109,M10,sell,2025-10-09 21:20:00,M10_9377,2025-10
0.09596799033552612,0.04524335265437071,partial_be,18.0,1.0507246376809445,0.32608695652191105,M10,buy,2025-03-31 23:40:00,M10_2904,2025-03
0.14324751445313216,0.13710716357593947,partial_be,6.0,0.8070175438595946,0.07982456140357197,M10,buy,2026-02-09 19:20:00,M10_13247,2026-02
0.13469814004574787,0.12029484786467828,partial_be,585.0,1.4423868312756338,0.3271604938271819,M10,sell,2025-01-08 21:40:00,M10_228,2025-01
0.12877382315732053,0.109275215914979,partial_be,4.0,0.9192200557104363,0.27298050139278623,M10,buy,2025-01-24 06:40:00,M10_706,2025-01
0.14055655797499367,0.13221329218238373,partial_be,215.0,0.9868891537544008,0.2276519666269648,M10,sell,2025-03-07 18:20:00,M10_2129,2025-03
0.12743741992783428,0.10666590657471788,partial_be,11.0,1.13649851632049,0.09792284866467,M10,buy,2025-04-16 22:20:00,M10_3474,2025-04
-1.0071073205401824,-1.012082444918292,sl,2.0,0.0,1.268656716417898,M10,buy,2025-10-20 17:40:00,M10_9700,2025-10
-1.0313479623824162,-1.0532915360501274,sl,30.0,0.2852664576802003,1.0125391849529664,M10,buy,2025-01-17 10:40:00,M10_459,2025-01
0.13878635464246386,0.12827584413195312,partial_be,17.0,1.2552552552553018,0.2732732732733038,M10,buy,2025-06-13 07:40:00,M10_5428,2025-06
0.12571416568634625,0.10298689295907297,partial_be,154.0,0.9253246753246677,0.974025974025997,M10,sell,2025-02-24 21:20:00,M10_1739,2025-02
-1.0133689839572684,-1.0227272727273224,sl,94.0,0.29278074866318676,1.1911764705882855,M10,buy,2025-11-26 22:40:00,M10_10904,2025-11
0.769307255550862,0.7621789459785604,trail,465.0,1.540733197556065,0.9826883910386887,M10,buy,2025-11-26 18:00:00,M10_10901,2025-11
0.14346599435737323,0.13779338495704915,partial_be,22.0,0.8978930307941488,0.2779578606159036,M10,buy,2026-01-26 04:00:00,M10_12759,2026-01
0.7472410430781717,0.709403205240332,trail,37.0,2.156756756756745,0.6324324324325028,M10,buy,2025-02-24 23:20:00,M10_1750,2025-02
0.13878635464246386,0.12827584413195312,partial_be,17.0,1.2552552552553018,0.2732732732733038,M10,buy,2025-06-13 05:00:00,M10_5428,2025-06
0.14211107009930687,0.13522808091543279,partial_be,25.0,0.7050147492625389,0.2763028515240384,M10,buy,2026-02-20 13:20:00,M10_13663,2026-02
-1.022172949002196,-1.0376940133037476,sl,17.0,0.15742793791574325,1.0687361419068582,M10,buy,2025-08-01 18:40:00,M10_7119,2025-08
-1.026455026455001,-1.0449735449735185,sl,12.0,0.26984126984125073,1.0423280423280017,M10,buy,2025-09-15 06:40:00,M10_8443,2025-09
0.7596850302346801,0.7382126375966448,trail,60.0,2.0153374233126593,0.46625766871161967,M10,buy,2025-02-13 06:40:00,M10_1412,2025-02
0.12877382315732053,0.109275215914979,partial_be,4.0,0.9192200557104363,0.27298050139278623,M10,buy,2025-01-24 18:40:00,M10_706,2025-01
-1.0099700897307524,-1.0169491525423173,sl,1.0,0.05782652043867292,1.3768693918244763,M10,buy,2025-10-16 23:40:00,M10_9615,2025-10
0.7671783669599759,0.7568233373741767,trail,143.0,1.548816568047429,0.6390532544378491,M10,buy,2025-05-29 14:00:00,M10_4957,2025-05
0.14117647058824065,0.13294117647059359,partial_be,55.0,1.1211764705882588,0.8023529411764898,M10,sell,2025-05-16 14:40:00,M10_4517,2025-05
0.13918648828708655,0.1292291625402874,partial_be,48.0,0.8051209103840247,0.3926031294452546,M10,sell,2025-05-16 19:20:00,M10_4516,2025-05
0.12452950972991307,0.10080069617058958,partial_be,31.0,1.2338983050847787,0.5593220338983704,M10,buy,2025-01-16 13:00:00,M10_449,2025-01
0.12452950972991307,0.10080069617058958,partial_be,31.0,1.2338983050847787,0.5593220338983704,M10,buy,2025-01-16 12:20:00,M10_449,2025-01
1.688877554592018,1.6776415995358394,trail,0.0,4.083467094702676,0.052969502407688954,M10,buy,2026-02-13 23:20:00,M10_13452,2026-02
0.14090446270142684,0.13260078535860387,partial_be,30.0,0.8683274021351668,0.11506524317914842,M10,buy,2025-11-20 23:20:00,M10_10706,2025-11
0.14303740216176988,0.13699249715313427,partial_be,391.0,1.259067357512955,0.3212435233160862,M10,sell,2025-12-15 20:10:00,M10_11473,2025-12
-1.0179533213644356,-1.030520646319552,sl,160.0,0.2603231597845198,1.0017953321364028,M10,buy,2025-08-18 05:40:00,M10_7563,2025-08
0.12855113636366544,0.10866477272730171,partial_be,91.0,0.889204545454581,0.18749999999995962,M10,buy,2025-07-21 09:40:00,M10_6681,2025-07
1.5213971466469522,1.5115518583206513,trail,58.0,2.666666666666624,0.26722925457103475,M10,buy,2025-09-23 13:20:00,M10_8740,2025-09
2.1532010990175703,2.144418163007533,tp2,292.0,4.002509410288465,0.22710163111667347,M10,buy,2025-06-04 22:40:00,M10_5154,2025-06
1.5199386503067653,1.5056237218814073,trail,354.0,2.82208588957057,0.22290388548060816,M10,sell,2025-08-05 21:20:00,M10_7208,2025-08
2.1493135011442277,2.133295194508072,tp2,349.0,4.006864988558503,0.26773455377576705,M10,buy,2025-08-13 20:40:00,M10_7459,2025-08
0.1334792122538657,0.11816192560178593,partial_be,33.0,0.853391684901606,0.22100656455138465,M10,buy,2025-04-02 05:00:00,M10_2966,2025-04
2.1537373737372656,2.146806680667959,tp2,131.0,4.676237623762165,0.18415841584163517,M10,buy,2025-10-20 11:00:00,M10_9674,2025-10
0.12877382315732053,0.109275215914979,partial_be,4.0,0.9192200557104363,0.27298050139278623,M10,buy,2025-01-24 14:40:00,M10_706,2025-01
0.14587857217941883,0.14482037112121776,partial_be,31.0,0.6095238095238085,0.30733182161753647,M10,sell,2026-01-29 20:20:00,M10_12914,2026-01
0.7636313631363136,0.7480758075807581,trail,69.0,1.597777777777689,0.2800000000000485,M10,sell,2025-03-24 01:40:00,M10_2608,2025-03
0.14339875111512243,0.13715432649424822,partial_be,8.0,1.095450490633418,0.3024085637822843,M10,buy,2026-02-23 12:20:00,M10_13700,2026-02
0.14358082761298235,0.13802085938422945,partial_be,104.0,0.6012708498808639,0.9023034154090545,M10,sell,2025-10-31 19:00:00,M10_10069,2025-10
-1.0202839756592095,-1.034482758620669,sl,7.0,0.036511156186577215,1.0324543610547352,M10,buy,2025-03-19 21:00:00,M10_2526,2025-03
0.13518886679921205,0.12127236580517681,partial_be,14.0,0.7236580516898067,0.8151093439363312,M10,buy,2025-06-13 20:20:00,M10_5446,2025-06
2.1525496974936327,2.135722774416709,tp2,311.0,4.1850961538463745,0.9134615384615048,M10,buy,2025-07-02 13:40:00,M10_5977,2025-07
1.5182047272768167,1.5022593969806888,trail,17.0,3.7517084282461806,0.32346241457851005,M10,sell,2025-04-01 14:00:00,M10_2927,2025-04
-1.0142247510668432,-1.0241820768136423,sl,550.0,0.4893314366997869,1.0213371266002969,M10,sell,2025-02-17 13:20:00,M10_1476,2025-02
0.13539806988543235,0.12175284571389146,partial_be,13.0,0.6471734892788279,0.341130604288522,M10,buy,2025-06-20 17:40:00,M10_5641,2025-06
0.14055655797499367,0.13221329218238373,partial_be,215.0,0.9868891537544008,0.2276519666269648,M10,sell,2025-03-07 23:00:00,M10_2129,2025-03
0.7709300881161422,0.767683334869389,trail,328.0,1.9749536178107623,0.1692949907235668,M10,buy,2025-11-14 18:00:00,M10_10511,2025-11
1.5237440441947285,1.5208114928750804,trail,1.0,3.78508588186007,0.8575617930456786,M10,buy,2026-01-28 02:00:00,M10_12834,2026-01
0.14620088683712293,0.14329752723529793,partial_be,457.0,1.0671920364993743,0.7573620904188949,M10,sell,2026-01-05 03:40:00,M10_11877,2026-01
-1.0142247510668432,-1.0241820768136423,sl,550.0,0.4893314366997869,1.0213371266002969,M10,sell,2025-02-17 17:20:00,M10_1476,2025-02
-1.0133689839572069,-1.0227272727272603,sl,105.0,0.4719251336898044,1.0762032085561715,M10,buy,2025-01-10 17:40:00,M10_289,2025-01
-1.0127064803049435,-1.021601016518412,sl,76.0,0.0,1.0139771283354666,M10,sell,2025-02-25 23:40:00,M10_1793,2025-02
0.14587351639471574,0.14302335352826617,partial_be,227.0,1.1083061889251147,0.6828175895765421,M10,buy,2026-02-13 04:00:00,M10_13410,2026-02
-1.0070721357850325,-1.0120226308345373,sl,1.0,0.24398868458272546,3.492927864214935,M10,buy,2026-01-28 23:20:00,M10_12887,2026-01
2.15150390605473,2.142506476748817,tp2,251.0,4.071979434447472,0.04370179948582287,M10,buy,2025-04-10 11:00:00,M10_3235,2025-04
0.7522072207219148,0.720389038903737,trail,43.0,2.0818181818178907,0.1499999999999483,M10,buy,2025-03-07 11:40:00,M10_2118,2025-03
0.1403255262406972,0.13140832878846834,partial_be,122.0,1.114649681528553,0.15923566878985948,M10,sell,2025-07-15 20:20:00,M10_6483,2025-07
2.150050554903961,2.120514689925056,tp2,80.0,4.080168776371527,0.7468354430380014,M10,buy,2025-02-05 08:40:00,M10_1075,2025-02
2.1525496974936327,2.135722774416709,tp2,311.0,4.1850961538463745,0.9134615384615048,M10,buy,2025-07-02 15:00:00,M10_5977,2025-07
0.14055655797499367,0.13221329218238373,partial_be,215.0,0.9868891537544008,0.2276519666269648,M10,sell,2025-03-10 04:00:00,M10_2129,2025-03
-1.0049950049950234,-1.0084915084915271,sl,173.0,0.44155844155845925,1.054445554445563,M10,sell,2025-10-14 23:40:00,M10_9495,2025-10
1.5237440441947285,1.5208114928750804,trail,1.0,3.78508588186007,0.8575617930456786,M10,buy,2026-01-27 23:00:00,M10_12834,2026-01
0.12877382315732053,0.109275215914979,partial_be,14.0,0.9442896935934874,0.6100278551531444,M10,buy,2025-09-25 23:20:00,M10_8858,2025-09
0.7679083094554559,0.7578796561603276,trail,9.0,1.7091690544410563,0.08022922636108341,M10,buy,2025-12-23 19:30:00,M10_11741,2025-12
0.1337719298244912,0.11842105263150855,partial_be,154.0,1.0657894736841516,0.15570175438597475,M10,buy,2025-08-05 18:40:00,M10_7203,2025-08
0.7641397641397747,0.74958674958676,trail,110.0,1.5363825363825274,0.39085239085241796,M10,sell,2025-08-06 02:20:00,M10_7210,2025-08
1.5211715791001517,1.5117503139588324,trail,177.0,2.6541049798116676,0.6648721399731041,M10,buy,2025-06-17 07:00:00,M10_5514,2025-06
-1.0110011001100008,-1.0187018701870083,sl,108.0,0.3443344334433008,1.2728272827282705,M10,sell,2025-05-05 07:40:00,M10_4057,2025-05
0.7653159604429015,0.752448313384078,trail,250.0,1.8786764705881798,0.23529411764709324,M10,buy,2025-01-10 17:00:00,M10_291,2025-01
-1.0112612612613021,-1.0191441441441849,sl,14.0,0.2207207207207221,1.0326576576576532,M10,sell,2025-12-09 03:30:00,M10_11232,2025-12
-1.0133689839572069,-1.0227272727272603,sl,105.0,0.4719251336898044,1.0762032085561715,M10,buy,2025-01-13 11:20:00,M10_289,2025-01
0.1459599616622505,0.14244766863666083,partial_be,233.0,0.7877571500251488,0.08078273958854604,M10,sell,2025-12-09 20:10:00,M10_11197,2025-12
-1.0120048019207015,-1.0204081632652386,sl,17.0,0.3217286914764841,1.0588235294117325,M10,buy,2026-01-14 21:20:00,M10_12409,2026-01
0.1323529411764706,0.11588235294117648,partial_be,201.0,1.4470588235293262,0.9623529411765048,M10,sell,2025-03-24 18:20:00,M10_2648,2025-03
2.1502808988764297,2.1306179775281144,tp2,95.0,4.112359550561825,0.12078651685388846,M10,buy,2025-01-23 21:00:00,M10_686,2025-01
0.13238770685580536,0.11583924349883144,partial_be,75.0,0.9219858156028544,0.605200945626462,M10,sell,2025-07-08 22:40:00,M10_6207,2025-07
-1.0142247510668432,-1.0241820768136423,sl,550.0,0.4893314366997869,1.0213371266002969,M10,sell,2025-02-17 09:20:00,M10_1476,2025-02
1.519389055239737,1.5018451955906151,trail,180.0,3.45864661654108,0.36090225563909,M10,sell,2025-07-31 23:40:00,M10_7051,2025-07
0.12209319770744093,0.09616727178151761,partial_be,17.0,0.733333333333266,0.45555555555551625,M10,buy,2025-02-13 02:40:00,M10_1402,2025-02
0.14587351639471574,0.14302335352826617,partial_be,227.0,1.1083061889251147,0.6828175895765421,M10,buy,2026-02-13 05:20:00,M10_13410,2026-02
1.5233906945823457,1.51892640886806,trail,703.0,3.2582908163264794,0.9591836734693676,M10,buy,2025-11-13 05:00:00,M10_10420,2025-11
-1.0196078431372357,-1.0333333333333132,sl,2.0,0.0,1.0745098039214955,M10,buy,2025-06-12 14:00:00,M10_5407,2025-06
2.1502808988764297,2.1306179775281144,tp2,95.0,4.112359550561825,0.12078651685388846,M10,buy,2025-01-27 09:00:00,M10_686,2025-01
-1.0133689839572069,-1.0227272727272603,sl,105.0,0.4719251336898044,1.0762032085561715,M10,buy,2025-01-13 06:40:00,M10_289,2025-01
-1.0190476190476883,-1.0323809523810217,sl,4.0,0.2876190476190026,1.4666666666667187,M10,buy,2025-05-23 17:40:00,M10_4775,2025-05
2.1551049427220494,2.1499879836577223,tp2,160.0,4.0328947368420245,0.20467836257310837,M10,buy,2025-04-03 18:40:00,M10_3024,2025-04
-1.018348623853195,-1.031192660550443,sl,3.0,0.014678899082555947,1.0055045871560002,M10,buy,2025-02-05 06:00:00,M10_1062,2025-02
1.5184095184094453,1.5012105012104286,trail,44.0,3.0024570024568327,0.21375921375917833,M10,buy,2025-10-01 14:00:00,M10_9060,2025-10
2.153201099017556,2.144418163007519,tp2,308.0,4.016311166875626,0.7678795483061669,M10,buy,2025-05-19 05:00:00,M10_4543,2025-05
0.1459599616622505,0.14244766863666083,partial_be,233.0,0.7877571500251488,0.08078273958854604,M10,sell,2025-12-08 18:30:00,M10_11197,2025-12
-1.0313479623824162,-1.0532915360501274,sl,30.0,0.2852664576802003,1.0125391849529664,M10,buy,2025-01-16 16:20:00,M10_459,2025-01
0.12877382315732053,0.109275215914979,partial_be,4.0,0.9192200557104363,0.27298050139278623,M10,buy,2025-01-24 10:40:00,M10_706,2025-01
1.928830388869434,1.9251168610179752,forced,4873.0,3.6339522546419274,0.17453580901856655,M10,buy,2025-08-25 03:20:00,M10_7774,2025-08
2.1500880281688795,2.1377640845069084,tp2,72.0,4.04577464788712,0.33978873239440005,M10,buy,2025-04-09 17:20:00,M10_3211,2025-04
1.9139422451328885,1.9102287172814296,forced,5113.0,3.6339522546419274,0.17453580901856655,M10,buy,2025-08-25 07:20:00,M10_7774,2025-08
-1.0253164556962957,-1.0430379746836385,sl,0.0,0.9468354430379631,2.7215189873418977,M10,buy,2025-11-28 21:00:00,M10_10992,2025-11
0.11792811792796559,0.08762508762494053,partial_be,48.0,1.4718614718610594,0.16450216450218325,M10,buy,2025-05-23 21:40:00,M10_4785,2025-05
0.14055655797499367,0.13221329218238373,partial_be,215.0,0.9868891537544008,0.2276519666269648,M10,sell,2025-03-11 15:20:00,M10_2129,2025-03
0.7542312870191327,0.7236636014296186,trail,17.0,1.5152838427943955,0.6593886462881845,M10,buy,2025-01-10 23:00:00,M10_298,2025-01
0.14298389073105605,0.136591196667129,partial_be,12.0,0.8922374429223876,0.19452054794517715,M10,sell,2025-10-03 09:20:00,M10_9138,2025-10
2.1505919999997443,2.1287169999997464,tp2,31.0,4.171874999999616,0.500000000000071,M10,buy,2025-02-04 20:20:00,M10_1044,2025-02
0.14055655797499367,0.13221329218238373,partial_be,215.0,0.9868891537544008,0.2276519666269648,M10,sell,2025-03-10 08:00:00,M10_2129,2025-03
-1.005561735261371,-1.0094549499443521,sl,83.0,0.1523915461623865,1.0450500556173736,M10,sell,2026-01-22 04:00:00,M10_12636,2026-01
0.14118979671072612,0.13310665583312783,partial_be,72.0,1.4572748267898503,0.4133949191685898,M10,sell,2025-05-02 08:00:00,M10_3957,2025-05
-1.0249376558604415,-1.042394014962687,sl,14.0,0.0,1.0149625935161968,M10,sell,2025-07-09 20:20:00,M10_6205,2025-07
2.15150390605473,2.142506476748817,tp2,251.0,4.071979434447472,0.04370179948582287,M10,buy,2025-04-10 07:00:00,M10_3235,2025-04
1.5182047272768167,1.5022593969806888,trail,17.0,3.7517084282461806,0.32346241457851005,M10,sell,2025-04-02 11:40:00,M10_2927,2025-04
1.5211715791001517,1.5117503139588324,trail,177.0,2.6541049798116676,0.6648721399731041,M10,buy,2025-06-17 07:40:00,M10_5514,2025-06
0.1459599616622505,0.14244766863666083,partial_be,233.0,0.7877571500251488,0.08078273958854604,M10,sell,2025-12-09 12:10:00,M10_11197,2025-12
0.13743629243212743,0.12612773023503546,partial_be,20.0,0.6849757673667527,0.2681744749595864,M10,buy,2025-05-21 09:40:00,M10_4667,2025-05
0.14600166480575152,0.1429341801431748,partial_be,35.0,0.6183172655565627,0.16564417177913207,M10,sell,2025-10-14 09:40:00,M10_9497,2025-10
0.7703198993426267,0.7647775398810274,trail,13.0,1.6935866983372314,0.44259699129058566,M10,buy,2026-01-26 10:40:00,M10_12758,2026-01
-1.0142247510668432,-1.0241820768136423,sl,550.0,0.4893314366997869,1.0213371266002969,M10,sell,2025-02-17 05:20:00,M10_1476,2025-02
0.14620088683712293,0.14329752723529793,partial_be,457.0,1.0671920364993743,0.7573620904188949,M10,sell,2026-01-05 07:40:00,M10_11877,2026-01
-1.018348623853195,-1.031192660550443,sl,3.0,0.014678899082555947,1.0055045871560002,M10,buy,2025-02-05 05:20:00,M10_1062,2025-02
-1.02816901408448,-1.047887323943634,sl,12.0,0.045070422535167964,1.014084507042176,M10,buy,2025-09-22 19:40:00,M10_8715,2025-09
0.13951482328732034,0.12980608542324273,partial_be,125.0,0.9001386962551663,0.28987517337033775,M10,buy,2025-05-05 05:40:00,M10_4046,2025-05
0.13480885311865137,0.12072434607639859,partial_be,4.0,0.9275653923540114,0.2112676056338286,M10,buy,2025-09-30 07:40:00,M10_8996,2025-09
0.7649606885922376,0.751315464420698,trail,1.0,2.0389863547757923,0.36452241715396705,M10,buy,2025-04-09 19:20:00,M10_3218,2025-04
0.7555153511732289,0.7286954278015827,trail,12.0,1.6475095785438765,0.3984674329501582,M10,buy,2025-02-10 21:00:00,M10_1258,2025-02
0.7709799480141104,0.7661755554266019,trail,49.0,1.9272477693891292,0.5401509951955938,M10,buy,2025-04-07 13:20:00,M10_3089,2025-04
0.13693080538001118,0.1251462935954995,partial_be,9.0,0.8400673400673722,0.06060606060600493,M10,sell,2025-11-18 23:20:00,M10_10598,2025-11
2.1505919999997443,2.1287169999997464,tp2,31.0,4.171874999999616,0.500000000000071,M10,buy,2025-02-04 19:40:00,M10_1044,2025-02
-1.0127064803049435,-1.021601016518412,sl,76.0,0.0,1.0139771283354666,M10,sell,2025-02-25 20:20:00,M10_1793,2025-02
2.1532010990175703,2.144418163007533,tp2,292.0,4.002509410288465,0.22710163111667347,M10,buy,2025-06-05 04:20:00,M10_5154,2025-06
0.7636313631363136,0.7480758075807581,trail,69.0,1.597777777777689,0.2800000000000485,M10,sell,2025-03-24 09:40:00,M10_2608,2025-03
0.13002680965150804,0.11126005361933655,partial_be,96.0,1.375335120643454,0.3592493297586285,M10,sell,2025-01-09 02:40:00,M10_225,2025-01
0.11571993447762535,0.08360984273451039,partial_be,16.0,0.6559633027521309,0.16055045871574178,M10,buy,2025-03-25 21:40:00,M10_2692,2025-03
0.1327861081609939,0.11680437300117696,partial_be,12.0,0.6917808219178366,0.23515981735153418,M10,buy,2025-05-29 23:20:00,M10_4963,2025-05
0.14298389073105605,0.136591196667129,partial_be,12.0,0.8922374429223876,0.19452054794517715,M10,sell,2025-10-02 19:40:00,M10_9138,2025-10
0.7702439787551582,0.7688188973219334,trail,91.0,1.6571661237785165,0.8029315960911988,M10,buy,2026-01-30 14:00:00,M10_12963,2026-01
0.13214285714287802,0.11547619047621065,partial_be,49.0,0.6119047619048273,0.13095238095242992,M10,buy,2025-07-04 11:00:00,M10_6066,2025-07
0.11725663716817454,0.08628318584074389,partial_be,3.0,0.6681415929201848,0.49115044247788503,M10,buy,2025-03-18 15:00:00,M10_2461,2025-03
0.7664407823809339,0.7548128754041906,trail,50.0,1.5049833887041253,0.3887043189369486,M10,sell,2025-04-29 08:20:00,M10_3866,2025-04
0.14055655797499367,0.13221329218238373,partial_be,215.0,0.9868891537544008,0.2276519666269648,M10,sell,2025-03-11 11:20:00,M10_2129,2025-03
0.13523649885286695,0.12169684701534295,partial_be,6.0,0.756286266924614,0.2359767891682365,M10,buy,2025-10-01 12:00:00,M10_9059,2025-10
0.13144897530532962,0.11454076274494264,partial_be,16.0,1.207729468599071,0.4009661835748564,M10,buy,2025-02-07 17:20:00,M10_1205,2025-02
0.14298389073105605,0.136591196667129,partial_be,12.0,0.8922374429223876,0.19452054794517715,M10,sell,2025-10-03 13:20:00,M10_9138,2025-10
1.5233921815889575,1.5189785624212397,trail,193.0,3.933795712484339,0.5706179066834464,M10,buy,2026-01-26 02:00:00,M10_12753,2026-01
0.7653159604429015,0.752448313384078,trail,250.0,1.8786764705881798,0.23529411764709324,M10,buy,2025-01-13 02:40:00,M10_291,2025-01
0.7696891191709663,0.7624352331606037,trail,29.0,1.709844559585476,0.13575129533678063,M10,sell,2025-06-23 14:00:00,M10_5657,2025-06
0.7671783669599759,0.7568233373741767,trail,143.0,1.548816568047429,0.6390532544378491,M10,buy,2025-05-29 14:40:00,M10_4957,2025-05
0.13002680965150804,0.11126005361933655,partial_be,96.0,1.375335120643454,0.3592493297586285,M10,sell,2025-01-09 07:20:00,M10_225,2025-01
0.13506876227897452,0.12131630648329712,partial_be,15.0,0.6719056974459676,0.3359528487229838,M10,buy,2025-02-14 07:00:00,M10_1439,2025-02
-1.0179533213644356,-1.030520646319552,sl,160.0,0.2603231597845198,1.0017953321364028,M10,buy,2025-08-18 09:40:00,M10_7563,2025-08
-1.0071073205401824,-1.012082444918292,sl,2.0,0.0,1.268656716417898,M10,buy,2025-10-20 19:00:00,M10_9700,2025-10
0.7693931451209539,0.7627893715360482,trail,96.0,1.6896226415094346,0.028301886792470234,M10,buy,2025-04-29 14:20:00,M10_3834,2025-04
0.10693641618500413,0.06647398843933981,partial_be,2.0,1.0578034682080393,0.8843930635839213,M10,buy,2025-01-28 17:20:00,M10_832,2025-01
-1.0082372322899804,-1.014003294892946,sl,9.0,0.5551894563426941,1.1449752883031497,M10,sell,2025-10-10 23:40:00,M10_9371,2025-10
2.1551418067123254,2.1474155373966517,tp2,39.0,4.19426048565145,0.9646799116999097,M10,sell,2025-12-05 16:10:00,M10_11031,2025-12
-1.0188323917137307,-1.0320150659133542,sl,49.0,0.06967984934084645,1.0640301318266845,M10,sell,2025-08-19 20:00:00,M10_7636,2025-08
0.7636313631363136,0.7480758075807581,trail,69.0,1.597777777777689,0.2800000000000485,M10,sell,2025-03-24 05:00:00,M10_2608,2025-03
2.1551049427220494,2.1499879836577223,tp2,160.0,4.0328947368420245,0.20467836257310837,M10,buy,2025-04-04 07:40:00,M10_3024,2025-04
-1.0087489063866937,-1.014873140857385,sl,3.0,0.0,1.0621172353455859,M10,sell,2025-04-03 22:00:00,M10_3027,2025-04
2.1510109132222675,2.1391865888979433,tp2,219.0,4.336148648648607,0.06925675675673132,M10,buy,2025-04-16 23:40:00,M10_3469,2025-04
2.1502808988764297,2.1306179775281144,tp2,95.0,4.112359550561825,0.12078651685388846,M10,buy,2025-01-23 19:40:00,M10_686,2025-01
2.153201099017556,2.144418163007519,tp2,308.0,4.016311166875626,0.7678795483061669,M10,buy,2025-05-19 01:40:00,M10_4543,2025-05
0.13739495798321585,0.12563025210086254,partial_be,32.0,0.9680672268908226,0.16974789915970573,M10,buy,2025-05-28 03:00:00,M10_4890,2025-05
0.1323529411764706,0.11588235294117648,partial_be,201.0,1.4470588235293262,0.9623529411765048,M10,sell,2025-03-25 04:20:00,M10_2648,2025-03
-1.005561735261371,-1.0094549499443521,sl,83.0,0.1523915461623865,1.0450500556173736,M10,sell,2026-01-22 06:40:00,M10_12636,2026-01
1.5187067838536117,1.5032542452222644,trail,34.0,2.5783664459162234,0.2582781456953948,M10,buy,2025-06-23 05:20:00,M10_5636,2025-06
0.7577586206895891,0.7336206896551072,trail,6.0,1.5103448275861973,0.15517241379303587,M10,buy,2025-07-22 22:00:00,M10_6758,2025-07
-1.0160771704179181,-1.0273311897105222,sl,4.0,0.06270096463027515,1.95819935691315,M10,buy,2025-11-28 17:40:00,M10_10984,2025-11
0.7703198993426267,0.7647775398810274,trail,13.0,1.6935866983372314,0.44259699129058566,M10,buy,2026-01-26 18:40:00,M10_12758,2026-01
0.1459599616622505,0.14244766863666083,partial_be,233.0,0.7877571500251488,0.08078273958854604,M10,sell,2025-12-10 18:30:00,M10_11197,2025-12
0.7703198993426267,0.7647775398810274,trail,13.0,1.6935866983372314,0.44259699129058566,M10,buy,2026-01-26 14:40:00,M10_12758,2026-01
2.1502808988764297,2.1306179775281144,tp2,95.0,4.112359550561825,0.12078651685388846,M10,buy,2025-01-24 02:00:00,M10_686,2025-01
0.1320164697973897,0.11518954672046602,partial_be,17.0,0.7740384615385498,0.3701923076923119,M10,buy,2025-08-06 02:20:00,M10_7205,2025-08
0.1426298727287672,0.13589910349799775,partial_be,10.0,0.8125000000000109,0.7576923076923447,M10,buy,2026-01-21 13:00:00,M10_12595,2026-01
1.5182047272768167,1.5022593969806888,trail,17.0,3.7517084282461806,0.32346241457851005,M10,sell,2025-04-02 15:40:00,M10_2927,2025-04
0.7709300881161422,0.767683334869389,trail,328.0,1.9749536178107623,0.1692949907235668,M10,buy,2025-11-14 19:20:00,M10_10511,2025-11
0.7578671328670659,0.7333916083915424,trail,15.0,1.6468531468530863,0.12937062937074445,M10,sell,2025-03-21 06:20:00,M10_2576,2025-03
-1.0152439024390107,-1.0259146341463279,sl,208.0,0.2911585365854154,1.032012195121957,M10,sell,2025-01-30 10:00:00,M10_741,2025-01
-1.02816901408448,-1.047887323943634,sl,12.0,0.045070422535167964,1.014084507042176,M10,buy,2025-09-22 20:20:00,M10_8715,2025-09
0.14298389073105605,0.136591196667129,partial_be,12.0,0.8922374429223876,0.19452054794517715,M10,sell,2025-10-02 17:40:00,M10_9138,2025-10
0.14055655797499367,0.13221329218238373,partial_be,215.0,0.9868891537544008,0.2276519666269648,M10,sell,2025-03-10 16:40:00,M10_2129,2025-03
0.14378184423392693,0.1383045359397171,partial_be,87.0,0.6486697965571305,0.8341158059467971,M10,buy,2025-05-27 10:40:00,M10_4634,2025-05
0.14298389073105605,0.136591196667129,partial_be,12.0,0.8922374429223876,0.19452054794517715,M10,sell,2025-10-03 05:20:00,M10_9138,2025-10
0.7693931451209539,0.7627893715360482,trail,96.0,1.6896226415094346,0.028301886792470234,M10,buy,2025-04-29 10:20:00,M10_3834,2025-04
2.156981132075484,2.153267604224025,tp2,5199.0,4.033952254641927,0.17453580901856655,M10,buy,2025-08-26 01:00:00,M10_7774,2025-08
0.14386568747120748,0.1384727752986345,partial_be,61.0,0.6502311248073415,0.15716486902933735,M10,sell,2025-12-12 22:30:00,M10_11417,2025-12
0.7697112451366017,0.762947960112447,trail,13.0,2.038647342995222,0.8570048309178714,M10,buy,2025-10-28 17:20:00,M10_9945,2025-10
0.14055655797499367,0.13221329218238373,partial_be,215.0,0.9868891537544008,0.2276519666269648,M10,sell,2025-03-10 12:40:00,M10_2129,2025-03
0.7696891191709663,0.7624352331606037,trail,29.0,1.709844559585476,0.13575129533678063,M10,sell,2025-06-23 05:20:00,M10_5657,2025-06
-1.0179533213644356,-1.030520646319552,sl,160.0,0.2603231597845198,1.0017953321364028,M10,buy,2025-08-18 14:20:00,M10_7563,2025-08
-1.0153139356814567,-1.0260336906584864,sl,13.0,0.0,1.0643185298621882,M10,buy,2025-06-25 18:00:00,M10_5721,2025-06
0.10693641618500413,0.06647398843933981,partial_be,2.0,1.0578034682080393,0.8843930635839213,M10,buy,2025-01-28 18:40:00,M10_832,2025-01
-1.0102669404516886,-1.0174537987679098,sl,44.0,0.3531827515399749,1.3367556468171984,M10,sell,2025-12-16 13:50:00,M10_11494,2025-12
0.1323529411764706,0.11588235294117648,partial_be,201.0,1.4470588235293262,0.9623529411765048,M10,sell,2025-03-24 21:40:00,M10_2648,2025-03
1.5204402515721516,1.5057651991612515,trail,8.0,2.5471698113204453,0.41928721174000355,M10,buy,2025-11-06 11:20:00,M10_10222,2025-11
0.7713351686166675,0.7665175498967776,trail,230.0,1.9710942876807178,0.03578802477629292,M10,buy,2025-11-24 23:20:00,M10_10801,2025-11
0.7693931451209539,0.7627893715360482,trail,96.0,1.6896226415094346,0.028301886792470234,M10,buy,2025-04-28 19:20:00,M10_3834,2025-04
-1.0202839756592095,-1.034482758620669,sl,7.0,0.036511156186577215,1.0324543610547352,M10,buy,2025-03-20 07:40:00,M10_2526,2025-03
-1.0142247510668432,-1.0241820768136423,sl,550.0,0.4893314366997869,1.0213371266002969,M10,sell,2025-02-14 19:40:00,M10_1476,2025-02
0.7709300881161422,0.767683334869389,trail,328.0,1.9749536178107623,0.1692949907235668,M10,buy,2025-11-17 05:40:00,M10_10511,2025-11
0.14118979671072612,0.13310665583312783,partial_be,72.0,1.4572748267898503,0.4133949191685898,M10,sell,2025-05-01 18:20:00,M10_3957,2025-05
0.766952382667365,0.7560489558760879,trail,45.0,1.534267912772554,0.2803738317757261,M10,buy,2025-04-28 20:40:00,M10_3838,2025-04
0.12608294709639734,0.10400092816895305,partial_be,2.0,1.2839116719243124,0.5141955835962372,M10,buy,2025-03-04 21:20:00,M10_2002,2025-03
-1.018348623853195,-1.031192660550443,sl,3.0,0.014678899082555947,1.0055045871560002,M10,buy,2025-02-05 22:40:00,M10_1062,2025-02
0.1459599616622505,0.14244766863666083,partial_be,233.0,0.7877571500251488,0.08078273958854604,M10,sell,2025-12-10 05:50:00,M10_11197,2025-12
-1.0313479623824162,-1.0532915360501274,sl,30.0,0.2852664576802003,1.0125391849529664,M10,buy,2025-01-17 06:40:00,M10_459,2025-01
0.146299452623828,0.14359361574713686,partial_be,269.0,0.6196366447622833,0.4932354078082651,M10,sell,2025-05-19 17:40:00,M10_4303,2025-05
0.13506876227897452,0.12131630648329712,partial_be,15.0,0.6719056974459676,0.3359528487229838,M10,buy,2025-02-14 11:40:00,M10_1439,2025-02
-1.0329067641681615,-1.0457038391224582,sl,4.0,0.18647166361974754,1.0420475319926923,M10,sell,2025-06-11 07:40:00,M10_5248,2025-06
0.7671783669599759,0.7568233373741767,trail,143.0,1.548816568047429,0.6390532544378491,M10,buy,2025-05-29 19:20:00,M10_4957,2025-05
0.1459599616622505,0.14244766863666083,partial_be,233.0,0.7877571500251488,0.08078273958854604,M10,sell,2025-12-09 16:10:00,M10_11197,2025-12
0.7706408159385147,0.7645272788206112,trail,544.0,2.0541484716155485,0.6855895196506432,M10,buy,2026-02-16 11:00:00,M10_13469,2026-02
0.14620088683712293,0.14329752723529793,partial_be,457.0,1.0671920364993743,0.7573620904188949,M10,sell,2026-01-02 14:00:00,M10_11877,2026-01
0.14378184423392693,0.1383045359397171,partial_be,87.0,0.6486697965571305,0.8341158059467971,M10,buy,2025-05-27 15:20:00,M10_4634,2025-05
0.14620088683712293,0.14329752723529793,partial_be,457.0,1.0671920364993743,0.7573620904188949,M10,sell,2026-01-02 18:00:00,M10_11877,2026-01
0.13222552819094277,0.11559844980614481,partial_be,52.0,1.270783847980965,0.5486935866983196,M10,buy,2025-08-06 06:20:00,M10_7196,2025-08
-1.010526315789512,-1.0178947368421436,sl,0.0,0.0,1.0694736842105588,M10,sell,2025-04-25 14:20:00,M10_3757,2025-04
0.14055655797499367,0.13221329218238373,partial_be,215.0,0.9868891537544008,0.2276519666269648,M10,sell,2025-03-10 20:40:00,M10_2129,2025-03
2.1551418067123254,2.1474155373966517,tp2,39.0,4.19426048565145,0.9646799116999097,M10,sell,2025-12-05 08:10:00,M10_11031,2025-12
0.7725425758595365,0.770376734275378,trail,208.0,1.504641089108928,0.6692450495049458,M10,buy,2025-10-22 06:20:00,M10_9752,2025-10
1.5182047272768167,1.5022593969806888,trail,17.0,3.7517084282461806,0.32346241457851005,M10,sell,2025-04-02 03:40:00,M10_2927,2025-04
0.14582657097173798,0.14255859711552885,partial_be,656.0,1.2455648926237042,0.6335200746965508,M10,sell,2025-05-13 01:00:00,M10_4321,2025-05
0.14681406322602095,0.14486528817034164,partial_be,123.0,0.6219376391982211,0.5718262806236312,M10,sell,2026-02-05 22:00:00,M10_13133,2026-02
-1.0174825174825008,-1.0297202797202625,sl,4.0,0.33041958041954345,1.3583916083915448,M10,buy,2025-04-30 20:40:00,M10_3939,2025-04
0.1459599616622505,0.14244766863666083,partial_be,233.0,0.7877571500251488,0.08078273958854604,M10,sell,2025-12-10 09:50:00,M10_11197,2025-12
-1.0096805421103046,-1.0164569215875547,sl,9.0,0.3494675701838703,1.1113262342690748,M10,sell,2025-12-10 01:50:00,M10_11200,2025-12
2.1551049427220494,2.1499879836577223,tp2,160.0,4.0328947368420245,0.20467836257310837,M10,buy,2025-04-03 22:00:00,M10_3024,2025-04
0.14582657097173798,0.14255859711552885,partial_be,656.0,1.2455648926237042,0.6335200746965508,M10,sell,2025-05-12 20:00:00,M10_4321,2025-05
-1.0202839756592095,-1.034482758620669,sl,7.0,0.036511156186577215,1.0324543610547352,M10,buy,2025-03-20 03:40:00,M10_2526,2025-03
1.5233906945823457,1.51892640886806,trail,703.0,3.2582908163264794,0.9591836734693676,M10,buy,2025-11-13 13:00:00,M10_10420,2025-11
0.146299452623828,0.14359361574713686,partial_be,269.0,0.6196366447622833,0.4932354078082651,M10,sell,2025-05-19 05:00:00,M10_4303,2025-05
0.14118979671072612,0.13310665583312783,partial_be,72.0,1.4572748267898503,0.4133949191685898,M10,sell,2025-05-02 04:00:00,M10_3957,2025-05
1.5233906945823457,1.51892640886806,trail,703.0,3.2582908163264794,0.9591836734693676,M10,buy,2025-11-13 09:00:00,M10_10420,2025-11
-1.0313479623824162,-1.0532915360501274,sl,30.0,0.2852664576802003,1.0125391849529664,M10,buy,2025-01-17 02:40:00,M10_459,2025-01
1.5233906945823457,1.51892640886806,trail,703.0,3.2582908163264794,0.9591836734693676,M10,buy,2025-11-13 01:00:00,M10_10420,2025-11
2.1522003141159667,2.1339235517138797,tp2,95.0,4.422976501304937,0.5979112271539778,M10,sell,2025-07-01 13:20:00,M10_5693,2025-07
0.14620088683712293,0.14329752723529793,partial_be,457.0,1.0671920364993743,0.7573620904188949,M10,sell,2026-01-02 10:00:00,M10_11877,2026-01
2.156981132075484,2.153267604224025,tp2,5199.0,4.033952254641927,0.17453580901856655,M10,buy,2025-08-25 20:00:00,M10_7774,2025-08
0.14298389073105605,0.136591196667129,partial_be,12.0,0.8922374429223876,0.19452054794517715,M10,sell,2025-10-03 01:20:00,M10_9138,2025-10
1.5237440441947285,1.5208114928750804,trail,1.0,3.78508588186007,0.8575617930456786,M10,buy,2026-01-28 06:00:00,M10_12834,2026-01
0.14378184423392693,0.1383045359397171,partial_be,87.0,0.6486697965571305,0.8341158059467971,M10,buy,2025-05-27 19:20:00,M10_4634,2025-05
2.1551418067123254,2.1474155373966517,tp2,39.0,4.19426048565145,0.9646799116999097,M10,sell,2025-12-05 12:10:00,M10_11031,2025-12
-1.0329067641681615,-1.0457038391224582,sl,4.0,0.18647166361974754,1.0420475319926923,M10,sell,2025-06-09 20:20:00,M10_5248,2025-06
-1.0082372322899804,-1.014003294892946,sl,9.0,0.5551894563426941,1.1449752883031497,M10,sell,2025-10-10 15:00:00,M10_9371,2025-10
-1.0153139356814567,-1.0260336906584864,sl,13.0,0.0,1.0643185298621882,M10,buy,2025-06-25 13:20:00,M10_5721,2025-06
-1.018348623853195,-1.031192660550443,sl,3.0,0.014678899082555947,1.0055045871560002,M10,buy,2025-02-05 10:00:00,M10_1062,2025-02
-1.0109170305677255,-1.0185589519651055,sl,16.0,0.3558951965065797,1.136462882096072,M10,buy,2026-01-02 05:20:00,M10_11991,2026-01
0.14118979671072612,0.13310665583312783,partial_be,72.0,1.4572748267898503,0.4133949191685898,M10,sell,2025-05-01 14:20:00,M10_3957,2025-05
0.7669725688280093,0.7573173964142164,trail,22.0,2.213793103448301,0.0537931034482583,M10,buy,2025-10-09 13:20:00,M10_9352,2025-10
0.7668662606743206,0.7560303473616272,trail,3047.0,2.472136222910242,0.12848297213621093,M10,buy,2025-02-12 19:40:00,M10_1375,2025-02
-1.010526315789512,-1.0178947368421436,sl,0.0,0.0,1.0694736842105588,M10,sell,2025-04-25 19:00:00,M10_3757,2025-04
2.151522698448873,2.1356855943764748,tp2,167.0,4.10633484162881,0.39366515837108773,M10,sell,2025-06-04 02:00:00,M10_5087,2025-06
1.5182047272768167,1.5022593969806888,trail,17.0,3.7517084282461806,0.32346241457851005,M10,sell,2025-04-01 22:00:00,M10_2927,2025-04
0.7696891191709663,0.7624352331606037,trail,29.0,1.709844559585476,0.13575129533678063,M10,sell,2025-06-23 09:20:00,M10_5657,2025-06
0.14118979671072612,0.13310665583312783,partial_be,72.0,1.4572748267898503,0.4133949191685898,M10,sell,2025-05-01 22:20:00,M10_3957,2025-05
-1.0153139356814567,-1.0260336906584864,sl,13.0,0.0,1.0643185298621882,M10,buy,2025-06-26 19:40:00,M10_5721,2025-06
1.5182047272768167,1.5022593969806888,trail,17.0,3.7517084282461806,0.32346241457851005,M10,sell,2025-04-02 07:40:00,M10_2927,2025-04
-1.0030646644192434,-1.0052099295127157,sl,1419.0,0.19705792215751808,1.0042905301869545,M10,sell,2025-05-19 13:00:00,M10_4305,2025-05
-1.0153139356814567,-1.0260336906584864,sl,13.0,0.0,1.0643185298621882,M10,buy,2025-06-25 22:00:00,M10_5721,2025-06
0.14620088683712293,0.14329752723529793,partial_be,457.0,1.0671920364993743,0.7573620904188949,M10,sell,2026-01-02 05:20:00,M10_11877,2026-01
0.12608294709639734,0.10400092816895305,partial_be,2.0,1.2839116719243124,0.5141955835962372,M10,buy,2025-03-05 02:20:00,M10_2002,2025-03
0.140243664512585,0.13118803708697055,partial_be,3.0,0.8072445019405203,0.3078913324708472,M10,buy,2025-04-01 18:00:00,M10_2869,2025-04
0.1459599616622505,0.14244766863666083,partial_be,233.0,0.7877571500251488,0.08078273958854604,M10,sell,2025-12-10 13:50:00,M10_11197,2025-12
0.14620088683712293,0.14329752723529793,partial_be,457.0,1.0671920364993743,0.7573620904188949,M10,sell,2025-12-31 16:20:00,M10_11877,2025-12
-1.0152439024390107,-1.0259146341463279,sl,208.0,0.2911585365854154,1.032012195121957,M10,sell,2025-01-29 12:20:00,M10_741,2025-01
1.5237440441947285,1.5208114928750804,trail,1.0,3.78508588186007,0.8575617930456786,M10,buy,2026-01-28 18:40:00,M10_12834,2026-01
0.14378184423392693,0.1383045359397171,partial_be,87.0,0.6486697965571305,0.8341158059467971,M10,buy,2025-05-28 09:00:00,M10_4634,2025-05
0.7691998423807246,0.7624300164619626,trail,148.0,1.7998065764021762,0.6914893617021707,M10,sell,2026-02-24 21:20:00,M10_13742,2026-02
-1.0142247510668432,-1.0241820768136423,sl,550.0,0.4893314366997869,1.0213371266002969,M10,sell,2025-02-14 23:40:00,M10_1476,2025-02
2.1551418067123254,2.1474155373966517,tp2,39.0,4.19426048565145,0.9646799116999097,M10,sell,2025-12-04 05:50:00,M10_11031,2025-12
0.7725425758595365,0.770376734275378,trail,208.0,1.504641089108928,0.6692450495049458,M10,buy,2025-10-22 10:20:00,M10_9752,2025-10
0.14620088683712293,0.14329752723529793,partial_be,457.0,1.0671920364993743,0.7573620904188949,M10,sell,2026-01-02 01:20:00,M10_11877,2026-01
2.1551049427220494,2.1499879836577223,tp2,160.0,4.0328947368420245,0.20467836257310837,M10,buy,2025-04-04 03:00:00,M10_3024,2025-04
2.1551418067123254,2.1474155373966517,tp2,39.0,4.19426048565145,0.9646799116999097,M10,sell,2025-12-04 22:30:00,M10_11031,2025-12
-1.0203665987779862,-1.0346232179225894,sl,20.0,0.13441955193480123,1.1588594704684771,M10,sell,2025-09-18 21:00:00,M10_8615,2025-09
2.1551418067123254,2.1474155373966517,tp2,39.0,4.19426048565145,0.9646799116999097,M10,sell,2025-12-04 01:50:00,M10_11031,2025-12
0.7668662606743206,0.7560303473616272,trail,3047.0,2.472136222910242,0.12848297213621093,M10,buy,2025-02-13 18:00:00,M10_1375,2025-02
0.14620088683712293,0.14329752723529793,partial_be,457.0,1.0671920364993743,0.7573620904188949,M10,sell,2025-12-31 11:40:00,M10_11877,2025-12
2.1551418067123254,2.1474155373966517,tp2,39.0,4.19426048565145,0.9646799116999097,M10,sell,2025-12-05 04:10:00,M10_11031,2025-12
1.5237440441947285,1.5208114928750804,trail,1.0,3.78508588186007,0.8575617930456786,M10,buy,2026-01-28 14:40:00,M10_12834,2026-01
-1.0030646644192434,-1.0052099295127157,sl,1419.0,0.19705792215751808,1.0042905301869545,M10,sell,2025-05-19 09:00:00,M10_4305,2025-05
-1.0142247510668432,-1.0241820768136423,sl,550.0,0.4893314366997869,1.0213371266002969,M10,sell,2025-02-18 01:20:00,M10_1476,2025-02
0.14378184423392693,0.1383045359397171,partial_be,87.0,0.6486697965571305,0.8341158059467971,M10,buy,2025-05-28 04:20:00,M10_4634,2025-05
2.1551418067123254,2.1474155373966517,tp2,39.0,4.19426048565145,0.9646799116999097,M10,sell,2025-12-04 14:30:00,M10_11031,2025-12
-1.0148809523809394,-1.0252976190476064,sl,6.0,0.0,1.671130952381005,M10,buy,2025-09-17 18:40:00,M10_8477,2025-09
2.1551418067123254,2.1474155373966517,tp2,39.0,4.19426048565145,0.9646799116999097,M10,sell,2025-12-04 10:30:00,M10_11031,2025-12
-1.0152439024390107,-1.0259146341463279,sl,208.0,0.2911585365854154,1.032012195121957,M10,sell,2025-01-30 06:00:00,M10_741,2025-01
-1.0152439024390107,-1.0259146341463279,sl,208.0,0.2911585365854154,1.032012195121957,M10,sell,2025-01-29 08:20:00,M10_741,2025-01
-1.0153139356814567,-1.0260336906584864,sl,13.0,0.0,1.0643185298621882,M10,buy,2025-06-26 11:40:00,M10_5721,2025-06
0.14055655797499367,0.13221329218238373,partial_be,215.0,0.9868891537544008,0.2276519666269648,M10,sell,2025-03-11 07:20:00,M10_2129,2025-03
0.14055655797499367,0.13221329218238373,partial_be,215.0,0.9868891537544008,0.2276519666269648,M10,sell,2025-03-11 02:40:00,M10_2129,2025-03
-1.0148809523809394,-1.0252976190476064,sl,6.0,0.0,1.671130952381005,M10,buy,2025-09-16 12:20:00,M10_8477,2025-09
2.154024992734671,2.1507631101624436,tp2,5279.0,4.034016775396065,0.27493010251631317,M15,buy,2025-08-22 19:00:00,M15_5208,2025-08
2.1499595796281628,2.1471301535974434,tp2,1789.0,4.017784963621723,0.3108326596604554,M15,buy,2025-12-11 04:45:00,M15_7722,2025-12
-1.0110497237568958,-1.01878453038673,sl,72.0,0.2022099447513691,1.0331491712706875,M15,buy,2025-09-26 18:30:00,M15_6057,2025-09
-1.0059417706476745,-1.0101010101010317,sl,214.0,0.4355317884729625,1.1937017231135016,M15,buy,2026-02-18 18:30:00,M15_9195,2026-02
2.149991169198165,2.1487548569410118,tp2,3142.0,4.009713882020491,0.0052984811020872925,M15,buy,2026-01-19 02:45:00,M15_8498,2026-01
2.1499595796281628,2.1471301535974434,tp2,1789.0,4.017784963621723,0.3108326596604554,M15,buy,2025-12-10 23:15:00,M15_7722,2025-12
1.523994531332159,1.5205240305884804,trail,385.0,2.6584035696578927,0.2345066931085997,M15,buy,2026-02-23 19:15:00,M15_9299,2026-02
0.14490501278100276,0.14057868398001375,partial_be,94.0,1.1050679851669216,0.2577255871445811,M15,buy,2026-02-26 22:15:00,M15_9408,2026-02
0.7680594900850259,0.7581444759207199,trail,75.0,1.9008498583569655,0.1827195467422059,M15,buy,2025-06-02 18:00:00,M15_3382,2025-06
0.14403274062657487,0.13891951929713736,partial_be,3199.0,0.6376917457998527,0.5894813732651667,M15,buy,2025-02-12 17:15:00,M15_950,2025-02
2.154024992734671,2.1507631101624436,tp2,5279.0,4.034016775396065,0.27493010251631317,M15,buy,2025-08-22 21:15:00,M15_5208,2025-08
0.7713351686166675,0.7665175498967776,trail,230.0,1.9710942876807178,0.03578802477629292,M15,buy,2025-11-24 22:00:00,M15_7352,2025-11
1.519275700934709,1.5029205607477922,trail,485.0,3.7500000000002656,0.1565420560746864,M15,buy,2025-02-13 23:30:00,M15_981,2025-02
0.767599999999984,0.756399999999984,trail,14.0,1.6,0.7727999999999884,M15,buy,2025-11-28 04:15:00,M15_7457,2025-11
2.154024992734671,2.1507631101624436,tp2,5279.0,4.034016775396065,0.27493010251631317,M15,buy,2025-08-25 05:45:00,M15_5208,2025-08
-1.0245098039215468,-1.0416666666666452,sl,13.0,0.03186274509806653,1.066176470588232,M15,buy,2025-07-11 22:45:00,M15_4292,2025-07
0.1353980698853982,0.12175284571385853,partial_be,65.0,1.280701754385881,0.29629629629628645,M15,buy,2025-02-13 06:15:00,M15_965,2025-02
0.14171130484890324,0.13443479757239624,partial_be,22.0,0.704781704781653,0.1891891891891994,M15,buy,2025-05-05 18:15:00,M15_2726,2025-05
0.1422847475736952,0.13542872406732862,partial_be,76.0,0.9686581782566384,0.03525954946132635,M15,sell,2025-06-10 18:45:00,M15_3575,2025-06
0.14173014145807503,0.13411316648527893,partial_be,356.0,1.2633297062022883,0.9858541893362239,M15,buy,2025-12-11 19:45:00,M15_7751,2025-12
2.1500576036865535,2.1419930875575215,tp2,297.0,4.0011520737325865,0.2903225806451495,M15,buy,2025-06-04 19:15:00,M15_3462,2025-06
1.5863156132491265,1.5841191902808178,trail,0.0,2.667085032946354,0.8101663005961656,M15,buy,2026-01-27 23:30:00,M15_8729,2026-01
0.14451399116348318,0.1393593519882254,partial_be,194.0,0.821796759941117,0.11708394698083205,M15,buy,2025-08-26 05:15:00,M15_5269,2025-08
0.14403274062657487,0.13891951929713736,partial_be,3199.0,0.6376917457998527,0.5894813732651667,M15,buy,2025-02-12 18:00:00,M15_950,2025-02
0.14229968782518684,0.13501560874089974,partial_be,135.0,1.3319458896982324,0.4578563995837703,M15,buy,2025-09-23 13:15:00,M15_5924,2025-09
0.13545721887693157,0.12194370536341764,partial_be,148.0,0.9227799227799905,0.49806949806949974,M15,buy,2025-01-24 05:45:00,M15_519,2025-01
0.14318600368321405,0.13674033149168557,partial_be,122.0,0.8057090239410168,0.11510128913447883,M15,sell,2025-07-15 22:30:00,M15_4353,2025-07
0.12575743935983924,0.10317679419854826,partial_be,68.0,0.9258064516128952,0.2774193548387589,M15,buy,2025-01-16 21:30:00,M15_327,2025-01
0.1466478630940011,0.14439343475261626,partial_be,424.0,0.8811594202898687,0.3925925925925774,M15,buy,2026-02-26 18:30:00,M15_9400,2026-02
-1.0204081632652873,-1.0346938775510013,sl,2.0,0.31632653061218335,1.0040816326530575,M15,buy,2025-03-04 11:00:00,M15_1381,2025-03
-1.0127226463104209,-1.0216284987277235,sl,601.0,0.5025445292620553,1.119592875318071,M15,buy,2025-08-18 06:00:00,M15_5059,2025-08
0.1422847475736952,0.13542872406732862,partial_be,76.0,0.9686581782566384,0.03525954946132635,M15,sell,2025-06-10 23:15:00,M15_3575,2025-06
0.14071319895208087,0.13228961291116625,partial_be,50.0,0.947051744885673,0.2888086642599406,M15,sell,2025-08-07 12:30:00,M15_4867,2025-08
2.154024992734671,2.1507631101624436,tp2,5279.0,4.034016775396065,0.27493010251631317,M15,buy,2025-08-25 11:00:00,M15_5208,2025-08
2.1517459606284346,2.1325151913976645,tp2,254.0,4.0027472527474375,0.21978021978027745,M15,buy,2025-06-30 23:00:00,M15_3983,2025-06
0.13545721887693157,0.12194370536341764,partial_be,148.0,0.9227799227799905,0.49806949806949974,M15,buy,2025-01-24 23:00:00,M15_519,2025-01
1.5236897404635308,1.51969202487244,trail,115.0,2.792689891490521,0.143346659051981,M15,buy,2026-01-21 04:30:00,M15_8562,2026-01
-1.0207039337473933,-1.035196687370582,sl,10.0,0.3126293995858771,1.1573498964803788,M15,buy,2025-03-27 13:30:00,M15_1908,2025-03
0.7703027179054297,0.7646347017110975,trail,328.0,2.2753036437248264,0.051012145748925306,M15,sell,2025-12-08 23:30:00,M15_7647,2025-12
1.5237603305785616,1.5201446280992226,trail,640.0,2.6833677685951245,0.732438016528906,M15,buy,2025-11-13 04:30:00,M15_7078,2025-11
1.5237970239693432,1.5207322253703939,trail,188.0,2.8091068301225675,0.18257443082311936,M15,sell,2025-11-19 20:30:00,M15_7248,2025-11
0.1392499034514837,0.12948700247519368,partial_be,64.0,1.0683403068339996,0.9511854951185627,M15,buy,2025-07-22 19:15:00,M15_4526,2025-07
0.14405007095520314,0.13860683611850022,partial_be,77.0,0.6835147744945471,0.1765163297045423,M15,sell,2025-05-02 22:30:00,M15_2696,2025-05
0.7680594900850259,0.7581444759207199,trail,75.0,1.9008498583569655,0.1827195467422059,M15,buy,2025-06-02 22:30:00,M15_3382,2025-06
0.13676731793954275,0.12433392539957852,partial_be,143.0,0.8294849023089746,0.6323268206038857,M15,buy,2025-08-26 19:30:00,M15_5287,2025-08
2.154024992734671,2.1507631101624436,tp2,5279.0,4.034016775396065,0.27493010251631317,M15,buy,2025-08-25 23:45:00,M15_5208,2025-08
0.1389301389301632,0.12882912882915287,partial_be,35.0,0.6248196248196947,0.9451659451659281,M15,buy,2025-04-16 19:45:00,M15_2360,2025-04
0.14451399116348318,0.1393593519882254,partial_be,194.0,0.821796759941117,0.11708394698083205,M15,buy,2025-08-26 06:45:00,M15_5269,2025-08
2.1500576036865535,2.1419930875575215,tp2,297.0,4.0011520737325865,0.2903225806451495,M15,buy,2025-06-04 20:45:00,M15_3462,2025-06
1.5239386840085494,1.52326715676373,trail,352.0,2.630947812739805,0.6205871066769002,M15,sell,2026-01-29 18:45:00,M15_8779,2026-01
0.1353980698853982,0.12175284571385853,partial_be,65.0,1.280701754385881,0.29629629629628645,M15,buy,2025-02-13 07:00:00,M15_965,2025-02
0.14351610400661383,0.13808553767612503,partial_be,44.0,0.7602792862684468,0.24204809930177826,M15,buy,2025-05-19 03:30:00,M15_3052,2025-05
0.14756493506493873,0.14529220779221144,partial_be,2872.0,1.2853896103896265,0.13733766233766415,M15,buy,2025-08-11 16:00:00,M15_4747,2025-08
-0.6211072664360779,-0.6453287197232763,partial_be,152.0,1.3633217993080373,1.70242214532882,M15,buy,2025-09-22 22:00:00,M15_5903,2025-09
2.154024992734671,2.1507631101624436,tp2,5279.0,4.034016775396065,0.27493010251631317,M15,buy,2025-08-25 17:00:00,M15_5208,2025-08
1.5152301523013936,1.4867748677485486,trail,68.0,3.0569105691056384,0.5325203252034069,M15,buy,2025-01-28 19:00:00,M15_594,2025-01
0.7633439941897443,0.7469505515667935,trail,31.0,1.7681498829040314,0.2084309133489172,M15,buy,2025-07-22 13:15:00,M15_4500,2025-07
-1.0105152471082977,-1.0178759200841128,sl,220.0,0.1913774973712102,1.0031545741325132,M15,buy,2025-07-17 07:15:00,M15_4398,2025-07
-1.0080515297906893,-1.0136876006441515,sl,35.0,0.215780998389643,1.1280193236715086,M15,buy,2026-01-14 22:15:00,M15_8425,2026-01
0.13545721887693157,0.12194370536341764,partial_be,148.0,0.9227799227799905,0.49806949806949974,M15,buy,2025-01-24 11:00:00,M15_519,2025-01
1.5237603305785616,1.5201446280992226,trail,640.0,2.6833677685951245,0.732438016528906,M15,buy,2025-11-12 20:45:00,M15_7078,2025-11
0.14318600368321405,0.13674033149168557,partial_be,122.0,0.8057090239410168,0.11510128913447883,M15,sell,2025-07-15 21:00:00,M15_4353,2025-07
0.14576174112259577,0.14175257731961755,partial_be,79.0,0.9375715922107593,0.41695303550972107,M15,buy,2026-02-25 04:00:00,M15_9339,2026-02
1.5204665900289376,1.5094081382121918,trail,144.0,2.8736176935229483,0.5592417061611381,M15,buy,2025-03-25 11:45:00,M15_1848,2025-03
0.1405874058740686,0.1319773197732077,partial_be,172.0,1.2595325953259096,0.03813038130380581,M15,sell,2025-02-07 21:00:00,M15_844,2025-02
0.14405007095520314,0.13860683611850022,partial_be,77.0,0.6835147744945471,0.1765163297045423,M15,sell,2025-05-02 19:30:00,M15_2696,2025-05
-1.0207039337473933,-1.035196687370582,sl,10.0,0.3126293995858771,1.1573498964803788,M15,buy,2025-03-27 14:15:00,M15_1908,2025-03
1.5236897404635308,1.51969202487244,trail,115.0,2.792689891490521,0.143346659051981,M15,buy,2026-01-21 13:30:00,M15_8562,2026-01
1.5210007140242838,1.5102973501099106,trail,162.0,2.747706422018333,0.37461773700303236,M15,buy,2025-06-02 12:45:00,M15_3368,2025-06
0.14048379306243106,0.13165655472699583,partial_be,2.0,0.6078184110971329,0.050441361916784264,M15,buy,2025-09-15 17:45:00,M15_5726,2025-09
0.14171130484890324,0.13443479757239624,partial_be,22.0,0.704781704781653,0.1891891891891994,M15,buy,2025-05-05 14:30:00,M15_2726,2025-05
0.14756493506493873,0.14529220779221144,partial_be,2872.0,1.2853896103896265,0.13733766233766415,M15,buy,2025-08-12 11:45:00,M15_4747,2025-08
1.5218142807844761,1.5141472490210584,trail,216.0,3.240963855421825,0.18510405257389526,M15,buy,2025-04-10 11:15:00,M15_2197,2025-04
0.14500134119637617,0.1408396289490515,partial_be,72.0,0.7158145065398438,0.10344827586205778,M15,sell,2025-10-14 23:00:00,M15_6435,2025-10
1.5151065151066938,1.4915374915376687,trail,96.0,3.3299663299666644,0.41414141414144817,M15,buy,2025-07-10 23:15:00,M15_4252,2025-07
0.14647314647314744,0.14347014347014442,partial_be,180.0,0.7039897039896994,0.3517803517803643,M15,sell,2025-10-09 21:30:00,M15_6357,2025-10
0.1301421106959052,0.11152508941931052,partial_be,11.0,0.8776595744679616,0.1170212765957524,M15,buy,2025-07-04 08:15:00,M15_4093,2025-07
0.7600683324364401,0.7379863135089958,trail,18.0,1.561514195583503,0.378548895899131,M15,buy,2025-06-02 23:15:00,M15_3390,2025-06
0.7511312217194303,0.7194570135746344,trail,9.0,1.7647058823529533,0.28506787330300637,M15,buy,2025-08-26 23:15:00,M15_5290,2025-08
1.5183256388918742,1.4993038997614407,trail,106.0,2.630434782608443,0.4211956521739292,M15,buy,2025-01-10 19:45:00,M15_197,2025-01
0.1392499034514837,0.12948700247519368,partial_be,64.0,1.0683403068339996,0.9511854951185627,M15,buy,2025-07-23 09:00:00,M15_4526,2025-07
1.5218142807844761,1.5141472490210584,trail,216.0,3.240963855421825,0.18510405257389526,M15,buy,2025-04-10 06:45:00,M15_2197,2025-04
0.1425952063474932,0.1359221844218499,partial_be,58.0,0.9637750238321682,0.7464251668255244,M15,sell,2025-05-08 11:30:00,M15_2813,2025-05
0.1200382400765517,0.09247918495844105,partial_be,33.0,1.4251968503938572,0.8070866141731324,M15,buy,2025-02-07 05:15:00,M15_823,2025-02
1.5308007668780508,1.5257900295838491,trail,456.0,2.518969219756547,0.5705082319254975,M15,sell,2025-12-05 20:15:00,M15_7625,2025-12
0.7678571428571429,0.7578571428571429,trail,161.0,1.8428571428571558,0.4800000000000182,M15,buy,2025-06-11 07:45:00,M15_3596,2025-06
1.5308007668780508,1.5257900295838491,trail,456.0,2.518969219756547,0.5705082319254975,M15,sell,2025-12-05 21:45:00,M15_7625,2025-12
0.14756493506493873,0.14529220779221144,partial_be,2872.0,1.2853896103896265,0.13733766233766415,M15,buy,2025-08-11 22:00:00,M15_4747,2025-08
1.520241501430723,1.5070339542609108,trail,31.0,3.3301886792454716,0.35471698113202854,M15,buy,2025-04-21 23:15:00,M15_2418,2025-04
0.12679477755609933,0.10498792397354507,partial_be,32.0,1.071651090342684,0.3271028037383707,M15,buy,2025-01-14 22:30:00,M15_281,2025-01
0.14081508515817143,0.1322992700730131,partial_be,128.0,0.6666666666666851,0.37712895377128763,M15,buy,2025-05-05 05:30:00,M15_2709,2025-05
2.1510881510882585,2.1425411425412495,tp2,3186.0,4.177045177045386,0.7130647130647657,M15,buy,2026-01-09 18:30:00,M15_8334,2026-01
1.5203685703198484,1.5079572228021187,trail,135.0,2.5159574468082937,0.3244680851064319,M15,buy,2025-09-26 08:00:00,M15_6023,2025-09
0.1441380277177236,0.13902106865339625,partial_be,199.0,1.4627192982455988,0.1688596491227662,M15,buy,2026-01-22 09:15:00,M15_8607,2026-01
0.14264705882349615,0.13578431372545713,partial_be,32.0,0.7049019607842556,0.17058823529413628,M15,buy,2025-04-28 19:15:00,M15_2580,2025-04
0.1417506312973596,0.13418306372979202,partial_be,47.0,0.7427027027026909,0.1124324324324285,M15,sell,2025-05-05 07:45:00,M15_2716,2025-05
0.7633439941897443,0.7469505515667935,trail,31.0,1.7681498829040314,0.2084309133489172,M15,buy,2025-07-22 06:30:00,M15_4500,2025-07
0.7703027179054297,0.7646347017110975,trail,328.0,2.2753036437248264,0.051012145748925306,M15,sell,2025-12-08 19:00:00,M15_7647,2025-12
0.14264705882349615,0.13578431372545713,partial_be,32.0,0.7049019607842556,0.17058823529413628,M15,buy,2025-04-28 20:45:00,M15_2580,2025-04
0.1433691756272542,0.13709677419356237,partial_be,12.0,0.8566308243727662,0.20967741935481374,M15,sell,2025-10-03 15:15:00,M15_6185,2025-10
0.13910400941084078,0.12920301931183112,partial_be,399.0,1.4285714285713182,0.4299858557284792,M15,sell,2025-07-08 19:00:00,M15_4177,2025-07
0.7651960784312796,0.7514705882352022,trail,78.0,2.4588235294115823,0.21568627450985986,M15,buy,2025-11-06 13:00:00,M15_6957,2025-11
0.7710131467277024,0.7665715223622203,trail,345.0,2.118020304568448,0.673223350253777,M15,sell,2026-01-05 06:15:00,M15_8048,2026-01
-1.0161812297734474,-1.0275080906148708,sl,10.0,0.17475728155337805,1.0258899676375157,M15,buy,2025-03-20 11:45:00,M15_1752,2025-03
0.14048379306243106,0.13165655472699583,partial_be,2.0,0.6078184110971329,0.050441361916784264,M15,buy,2025-09-15 18:30:00,M15_5726,2025-09
0.14597552677755013,0.14331696240231273,partial_be,269.0,0.6088112419293674,0.4846183061146904,M15,sell,2025-05-20 21:00:00,M15_2871,2025-05
1.5183256388918742,1.4993038997614407,trail,106.0,2.630434782608443,0.4211956521739292,M15,buy,2025-01-13 02:45:00,M15_197,2025-01
0.13533541341657113,0.12187387495503217,partial_be,170.0,0.7538461538461942,0.25000000000004374,M15,sell,2025-07-09 20:45:00,M15_4176,2025-07
-1.0195312500000717,-1.033203125000072,sl,2.0,0.0,1.5000000000000888,M15,buy,2025-02-05 04:45:00,M15_745,2025-02
0.12679477755609933,0.10498792397354507,partial_be,32.0,1.071651090342684,0.3271028037383707,M15,buy,2025-01-14 23:15:00,M15_281,2025-01
0.1434273147930203,0.1375400145407076,partial_be,178.0,0.7737594617325118,0.937762825904103,M15,sell,2025-08-04 18:30:00,M15_4563,2025-08
1.520241501430723,1.5070339542609108,trail,31.0,3.3301886792454716,0.35471698113202854,M15,buy,2025-04-21 21:45:00,M15_2418,2025-04
0.7555153511732289,0.7286954278015827,trail,12.0,1.6475095785438765,0.3984674329501582,M15,buy,2025-02-10 22:00:00,M15_891,2025-02
-1.0105152471082977,-1.0178759200841128,sl,220.0,0.1913774973712102,1.0031545741325132,M15,buy,2025-07-16 23:30:00,M15_4398,2025-07
1.5188319170388351,1.5023224830765702,trail,102.0,2.5117924528303393,0.13679245283017857,M15,buy,2025-01-10 17:30:00,M15_195,2025-01
-1.0161812297734474,-1.0275080906148708,sl,10.0,0.17475728155337805,1.0258899676375157,M15,buy,2025-03-19 21:45:00,M15_1752,2025-03
2.1507567043102083,2.1371380272674063,tp2,360.0,4.093385214007877,0.22762645914398866,M15,buy,2025-08-13 09:45:00,M15_4962,2025-08
2.1512441512440783,2.1340451340450617,tp2,104.0,4.041769041768834,0.5896805896805883,M15,buy,2025-02-05 13:45:00,M15_763,2025-02
0.14264705882349615,0.13578431372545713,partial_be,32.0,0.7049019607842556,0.17058823529413628,M15,buy,2025-04-29 03:45:00,M15_2580,2025-04
1.519275700934709,1.5029205607477922,trail,485.0,3.7500000000002656,0.1565420560746864,M15,buy,2025-02-14 02:45:00,M15_981,2025-02
1.5232204339819104,1.518386179838264,trail,204.0,3.6236187845303998,0.3798342541436459,M15,buy,2025-04-03 19:45:00,M15_2065,2025-04
2.149964589235064,2.145007082152911,tp2,250.0,4.125354107648624,0.719546742209636,M15,sell,2025-04-25 12:15:00,M15_2532,2025-04
0.14756493506493873,0.14529220779221144,partial_be,2872.0,1.2853896103896265,0.13733766233766415,M15,buy,2025-08-12 05:45:00,M15_4747,2025-08
2.149686520376264,2.1423719958203593,tp2,666.0,4.073145245559164,0.3918495297805762,M15,sell,2025-06-26 17:15:00,M15_3928,2025-06
-1.0212765957446626,-1.0361702127659396,sl,3.0,0.17234042553190995,1.2276595744681287,M15,buy,2025-04-02 12:45:00,M15_2028,2025-04
0.1392499034514837,0.12948700247519368,partial_be,64.0,1.0683403068339996,0.9511854951185627,M15,buy,2025-07-23 15:00:00,M15_4526,2025-07
1.5308007668780508,1.5257900295838491,trail,456.0,2.518969219756547,0.5705082319254975,M15,sell,2025-12-08 04:45:00,M15_7625,2025-12
0.1338576927385959,0.11902718426402045,partial_be,96.0,0.8771186440677223,0.4936440677965681,M15,sell,2025-01-09 05:15:00,M15_147,2025-01
-1.0136054421769205,-1.0231292517007302,sl,127.0,0.09115646258498317,1.009523809523832,M15,sell,2025-02-17 06:45:00,M15_1007,2025-02
0.7633439941897443,0.7469505515667935,trail,31.0,1.7681498829040314,0.2084309133489172,M15,buy,2025-07-21 23:30:00,M15_4500,2025-07
0.7713351686166675,0.7665175498967776,trail,230.0,1.9710942876807178,0.03578802477629292,M15,buy,2025-11-25 01:15:00,M15_7352,2025-11
1.5308007668780508,1.5257900295838491,trail,456.0,2.518969219756547,0.5705082319254975,M15,sell,2025-12-09 19:15:00,M15_7625,2025-12
1.5308007668780508,1.5257900295838491,trail,456.0,2.518969219756547,0.5705082319254975,M15,sell,2025-12-08 17:30:00,M15_7625,2025-12
1.5216882942822934,1.512453465786251,trail,202.0,2.990765171503996,0.056728232189952564,M15,sell,2025-06-05 22:30:00,M15_3486,2025-06
-1.0127713920817836,-1.0217113665389994,sl,41.0,0.46104725415072295,1.028097062579854,M15,buy,2025-06-20 09:30:00,M15_3614,2025-06
-1.0127226463104209,-1.0216284987277235,sl,601.0,0.5025445292620553,1.119592875318071,M15,buy,2025-08-18 13:30:00,M15_5059,2025-08
0.7633439941897443,0.7469505515667935,trail,31.0,1.7681498829040314,0.2084309133489172,M15,buy,2025-07-21 17:30:00,M15_4500,2025-07
-1.0209643605870784,-1.0356394129979798,sl,228.0,0.5157232704401659,1.0,M15,sell,2025-02-24 17:00:00,M15_1200,2025-02
0.7666402646601175,0.7553134038186932,trail,59.0,1.775080906148882,0.19255663430422104,M15,buy,2025-05-29 14:30:00,M15_3289,2025-05
0.14197127774150337,0.13495021455193484,partial_be,30.0,1.0842527582747914,0.15847542627882516,M15,buy,2025-03-31 07:45:00,M15_1967,2025-03
0.12575743935983924,0.10317679419854826,partial_be,68.0,0.9258064516128952,0.2774193548387589,M15,buy,2025-01-17 04:30:00,M15_327,2025-01
1.5216882942822934,1.512453465786251,trail,202.0,2.990765171503996,0.056728232189952564,M15,sell,2025-06-06 05:30:00,M15_3486,2025-06
2.1511677333342742,2.142703404434636,tp2,25.0,4.038694074970067,0.5501813784763643,M15,buy,2026-02-25 15:15:00,M15_9360,2026-02
0.7709300881161422,0.767683334869389,trail,328.0,1.9749536178107623,0.1692949907235668,M15,buy,2025-11-14 19:00:00,M15_7149,2025-11
0.7709300881161422,0.767683334869389,trail,328.0,1.9749536178107623,0.1692949907235668,M15,buy,2025-11-17 02:00:00,M15_7149,2025-11
1.5216882942822934,1.512453465786251,trail,202.0,2.990765171503996,0.056728232189952564,M15,sell,2025-06-05 19:30:00,M15_3486,2025-06
1.5236897404635308,1.51969202487244,trail,115.0,2.792689891490521,0.143346659051981,M15,buy,2026-01-21 07:30:00,M15_8562,2026-01
0.13880597014920668,0.12835820895517724,partial_be,110.0,0.8746268656715573,0.12238805970157986,M15,sell,2025-08-19 22:00:00,M15_5108,2025-08
1.5152301523013936,1.4867748677485486,trail,68.0,3.0569105691056384,0.5325203252034069,M15,buy,2025-01-28 20:30:00,M15_594,2025-01
1.5308007668780508,1.5257900295838491,trail,456.0,2.518969219756547,0.5705082319254975,M15,sell,2025-12-08 11:30:00,M15_7625,2025-12
0.1433691756272542,0.13709677419356237,partial_be,12.0,0.8566308243727662,0.20967741935481374,M15,sell,2025-10-02 19:30:00,M15_6185,2025-10
0.1433691756272542,0.13709677419356237,partial_be,12.0,0.8566308243727662,0.20967741935481374,M15,sell,2025-10-03 08:30:00,M15_6185,2025-10
-1.0161812297734474,-1.0275080906148708,sl,10.0,0.17475728155337805,1.0258899676375157,M15,buy,2025-03-20 05:00:00,M15_1752,2025-03
0.1433691756272542,0.13709677419356237,partial_be,12.0,0.8566308243727662,0.20967741935481374,M15,sell,2025-10-02 18:45:00,M15_6185,2025-10
-1.0127226463104209,-1.0216284987277235,sl,601.0,0.5025445292620553,1.119592875318071,M15,buy,2025-08-18 07:30:00,M15_5059,2025-08
0.7714321196861744,0.7683334034400479,trail,89.0,2.1872509960159157,0.19123505976094207,M15,buy,2026-01-26 07:30:00,M15_8661,2026-01
-0.05250305250303215,-0.06105006105004064,sl,0.0,0.0,4.660561660561639,M15,buy,2025-04-21 10:30:00,M15_2396,2025-04
-1.0047824007652015,-1.0081300813008305,sl,17.0,0.08656145384980886,1.012912482066018,M15,sell,2025-10-20 12:00:00,M15_6526,2025-10
0.14667693661970083,0.14359595070420791,partial_be,642.0,1.1117957746478644,0.6597711267605664,M15,sell,2025-05-12 21:45:00,M15_2883,2025-05
0.1392499034514837,0.12948700247519368,partial_be,64.0,1.0683403068339996,0.9511854951185627,M15,buy,2025-07-23 02:15:00,M15_4526,2025-07
0.14403274062657487,0.13891951929713736,partial_be,3199.0,0.6376917457998527,0.5894813732651667,M15,buy,2025-02-13 01:00:00,M15_950,2025-02
0.14756493506493873,0.14529220779221144,partial_be,2872.0,1.2853896103896265,0.13733766233766415,M15,buy,2025-08-11 10:00:00,M15_4747,2025-08
1.5217673599645758,1.5117530538129316,trail,124.0,2.7625178826892105,0.21316165951366864,M15,buy,2026-01-06 20:45:00,M15_8229,2026-01
0.13843415515577667,0.1279707769793934,partial_be,3.0,0.9327354260090598,0.3557548579969801,M15,buy,2025-03-31 19:45:00,M15_1969,2025-03
0.14630243113002248,0.1436245428362198,partial_be,159.0,0.858454475899044,0.07574598316757908,M15,sell,2026-02-13 10:15:00,M15_9071,2026-02
0.7696891191709663,0.7624352331606037,trail,29.0,1.709844559585476,0.13575129533678063,M15,sell,2025-06-23 05:15:00,M15_3819,2025-06
2.149964589235064,2.145007082152911,tp2,250.0,4.125354107648624,0.719546742209636,M15,sell,2025-04-25 18:15:00,M15_2532,2025-04
1.5308007668780508,1.5257900295838491,trail,456.0,2.518969219756547,0.5705082319254975,M15,sell,2025-12-09 13:15:00,M15_7625,2025-12
2.1584169905413857,2.153886246204816,tp2,990.0,4.251779935275135,0.9883495145631173,M15,buy,2025-05-27 14:45:00,M15_3125,2025-05
-1.0047824007652015,-1.0081300813008305,sl,17.0,0.08656145384980886,1.012912482066018,M15,sell,2025-10-17 22:15:00,M15_6526,2025-10
0.13640510948906143,0.12363138686132424,partial_be,20.0,1.432481751824796,0.9343065693430427,M15,buy,2025-09-25 09:15:00,M15_5982,2025-09
0.14256116455879744,0.1358561837158856,partial_be,72.0,1.2088122605363818,0.34291187739462725,M15,sell,2025-05-01 08:00:00,M15_2656,2025-05
0.13533541341657113,0.12187387495503217,partial_be,170.0,0.7538461538461942,0.25000000000004374,M15,sell,2025-07-09 01:15:00,M15_4176,2025-07
0.14256116455879744,0.1358561837158856,partial_be,72.0,1.2088122605363818,0.34291187739462725,M15,sell,2025-05-01 20:00:00,M15_2656,2025-05
0.13533541341657113,0.12187387495503217,partial_be,170.0,0.7538461538461942,0.25000000000004374,M15,sell,2025-07-09 07:15:00,M15_4176,2025-07
0.1433691756272542,0.13709677419356237,partial_be,12.0,0.8566308243727662,0.20967741935481374,M15,sell,2025-10-03 03:15:00,M15_6185,2025-10
0.7710131467277024,0.7665715223622203,trail,345.0,2.118020304568448,0.673223350253777,M15,sell,2025-12-30 19:00:00,M15_8048,2025-12
-1.00367917586462,-1.0062545989698446,sl,5.0,0.4249448123620473,1.83038999264169,M15,buy,2026-01-29 13:30:00,M15_8761,2026-01
1.5308007668780508,1.5257900295838491,trail,456.0,2.518969219756547,0.5705082319254975,M15,sell,2025-12-10 03:00:00,M15_7625,2025-12
0.7696891191709663,0.7624352331606037,trail,29.0,1.709844559585476,0.13575129533678063,M15,sell,2025-06-23 11:15:00,M15_3819,2025-06
1.5863156132491265,1.5841191902808178,trail,0.0,2.667085032946354,0.8101663005961656,M15,buy,2026-01-28 05:00:00,M15_8729,2026-01
0.7666402646601175,0.7553134038186932,trail,59.0,1.775080906148882,0.19255663430422104,M15,buy,2025-05-29 19:00:00,M15_3289,2025-05
0.14756493506493873,0.14529220779221144,partial_be,2872.0,1.2853896103896265,0.13733766233766415,M15,buy,2025-08-07 11:45:00,M15_4747,2025-08
0.13676731793954275,0.12433392539957852,partial_be,143.0,0.8294849023089746,0.6323268206038857,M15,buy,2025-08-27 02:30:00,M15_5287,2025-08
0.14197127774150337,0.13495021455193484,partial_be,30.0,1.0842527582747914,0.15847542627882516,M15,buy,2025-04-01 22:15:00,M15_1967,2025-04
0.7713351686166675,0.7665175498967776,trail,230.0,1.9710942876807178,0.03578802477629292,M15,buy,2025-11-25 08:00:00,M15_7352,2025-11
0.14012119465884507,0.1313602434698586,partial_be,34.0,0.7797246558198552,0.5581977471838859,M15,sell,2025-11-24 18:15:00,M15_7137,2025-11
-1.00367917586462,-1.0062545989698446,sl,5.0,0.4249448123620473,1.83038999264169,M15,buy,2026-01-29 06:45:00,M15_8761,2026-01
0.13640510948906143,0.12363138686132424,partial_be,20.0,1.432481751824796,0.9343065693430427,M15,buy,2025-09-25 03:15:00,M15_5982,2025-09
-1.0136054421769205,-1.0231292517007302,sl,127.0,0.09115646258498317,1.009523809523832,M15,sell,2025-02-14 21:30:00,M15_1007,2025-02
1.5308007668780508,1.5257900295838491,trail,456.0,2.518969219756547,0.5705082319254975,M15,sell,2025-12-10 09:00:00,M15_7625,2025-12
0.12942779291553497,0.11035422343324651,partial_be,72.0,0.7057220708445884,0.4713896457765624,M15,buy,2025-08-22 02:30:00,M15_5170,2025-08
0.14756493506493873,0.14529220779221144,partial_be,2872.0,1.2853896103896265,0.13733766233766415,M15,buy,2025-08-07 18:30:00,M15_4747,2025-08
1.5863156132491265,1.5841191902808178,trail,0.0,2.667085032946354,0.8101663005961656,M15,buy,2026-01-28 17:45:00,M15_8729,2026-01
0.13804951308364857,0.12706050209463818,partial_be,10.0,0.6405023547880229,0.20565149136575736,M15,buy,2025-03-04 23:00:00,M15_1377,2025-03
0.14256116455879744,0.1358561837158856,partial_be,72.0,1.2088122605363818,0.34291187739462725,M15,sell,2025-05-01 14:00:00,M15_2656,2025-05
0.13533541341657113,0.12187387495503217,partial_be,170.0,0.7538461538461942,0.25000000000004374,M15,sell,2025-07-09 14:00:00,M15_4176,2025-07
1.5152301523013936,1.4867748677485486,trail,68.0,3.0569105691056384,0.5325203252034069,M15,buy,2025-01-29 04:15:00,M15_594,2025-01
1.5232204339819104,1.518386179838264,trail,204.0,3.6236187845303998,0.3798342541436459,M15,buy,2025-04-04 02:45:00,M15_2065,2025-04
-1.0127713920817836,-1.0217113665389994,sl,41.0,0.46104725415072295,1.028097062579854,M15,buy,2025-06-23 11:15:00,M15_3614,2025-06
0.7710131467277024,0.7665715223622203,trail,345.0,2.118020304568448,0.673223350253777,M15,sell,2026-01-02 17:15:00,M15_8048,2026-01
0.14597552677755013,0.14331696240231273,partial_be,269.0,0.6088112419293674,0.4846183061146904,M15,sell,2025-05-19 06:30:00,M15_2871,2025-05
-1.0136054421769205,-1.0231292517007302,sl,127.0,0.09115646258498317,1.009523809523832,M15,sell,2025-02-18 03:15:00,M15_1007,2025-02
0.7714321196861744,0.7683334034400479,trail,89.0,2.1872509960159157,0.19123505976094207,M15,buy,2026-01-26 13:30:00,M15_8661,2026-01
0.14597552677755013,0.14331696240231273,partial_be,269.0,0.6088112419293674,0.4846183061146904,M15,sell,2025-05-19 19:15:00,M15_2871,2025-05
1.5237603305785616,1.5201446280992226,trail,640.0,2.6833677685951245,0.732438016528906,M15,buy,2025-11-13 10:30:00,M15_7078,2025-11
0.7666402646601175,0.7553134038186932,trail,59.0,1.775080906148882,0.19255663430422104,M15,buy,2025-05-30 02:00:00,M15_3289,2025-05
-1.0127713920817836,-1.0217113665389994,sl,41.0,0.46104725415072295,1.028097062579854,M15,buy,2025-06-19 17:30:00,M15_3614,2025-06
0.14597552677755013,0.14331696240231273,partial_be,269.0,0.6088112419293674,0.4846183061146904,M15,sell,2025-05-19 13:15:00,M15_2871,2025-05
2.1584169905413857,2.153886246204816,tp2,990.0,4.251779935275135,0.9883495145631173,M15,buy,2025-05-28 23:15:00,M15_3125,2025-05
-1.0066979236436642,-1.0113864701942332,sl,9.0,0.13127930341594093,1.2022772940388429,M15,buy,2025-04-24 22:30:00,M15_2492,2025-04
1.5308007668780508,1.5257900295838491,trail,456.0,2.518969219756547,0.5705082319254975,M15,sell,2025-12-10 15:00:00,M15_7625,2025-12
-1.007137758743748,-1.0121341898643759,sl,40.0,0.1299072091363084,1.1605995717344728,M15,sell,2025-10-10 06:00:00,M15_6353,2025-10
0.14756493506493873,0.14529220779221144,partial_be,2872.0,1.2853896103896265,0.13733766233766415,M15,buy,2025-08-08 14:15:00,M15_4747,2025-08
0.14597552677755013,0.14331696240231273,partial_be,269.0,0.6088112419293674,0.4846183061146904,M15,sell,2025-05-16 04:45:00,M15_2871,2025-05
0.7710131467277024,0.7665715223622203,trail,345.0,2.118020304568448,0.673223350253777,M15,sell,2025-12-30 07:00:00,M15_8048,2025-12
2.1584169905413857,2.153886246204816,tp2,990.0,4.251779935275135,0.9883495145631173,M15,buy,2025-05-28 04:30:00,M15_3125,2025-05
2.1584169905413857,2.153886246204816,tp2,990.0,4.251779935275135,0.9883495145631173,M15,buy,2025-05-27 20:45:00,M15_3125,2025-05
0.1434273147930203,0.1375400145407076,partial_be,178.0,0.7737594617325118,0.937762825904103,M15,sell,2025-08-05 08:15:00,M15_4563,2025-08
0.14597552677755013,0.14331696240231273,partial_be,269.0,0.6088112419293674,0.4846183061146904,M15,sell,2025-05-16 17:30:00,M15_2871,2025-05
0.7710131467277024,0.7665715223622203,trail,345.0,2.118020304568448,0.673223350253777,M15,sell,2026-01-02 04:30:00,M15_8048,2026-01
0.14756493506493873,0.14529220779221144,partial_be,2872.0,1.2853896103896265,0.13733766233766415,M15,buy,2025-08-11 03:15:00,M15_4747,2025-08
2.1584169905413857,2.153886246204816,tp2,990.0,4.251779935275135,0.9883495145631173,M15,buy,2025-05-28 10:30:00,M15_3125,2025-05
0.14403274062657487,0.13891951929713736,partial_be,3199.0,0.6376917457998527,0.5894813732651667,M15,buy,2025-02-13 13:45:00,M15_950,2025-02
0.14756493506493873,0.14529220779221144,partial_be,2872.0,1.2853896103896265,0.13733766233766415,M15,buy,2025-08-08 20:15:00,M15_4747,2025-08
0.14756493506493873,0.14529220779221144,partial_be,2872.0,1.2853896103896265,0.13733766233766415,M15,buy,2025-08-08 01:30:00,M15_4747,2025-08
0.14197127774150337,0.13495021455193484,partial_be,30.0,1.0842527582747914,0.15847542627882516,M15,buy,2025-04-01 09:30:00,M15_1967,2025-04
2.1584169905413857,2.153886246204816,tp2,990.0,4.251779935275135,0.9883495145631173,M15,buy,2025-05-26 04:00:00,M15_3125,2025-05
1.5308007668780508,1.5257900295838491,trail,456.0,2.518969219756547,0.5705082319254975,M15,sell,2025-12-09 07:15:00,M15_7625,2025-12
0.1434273147930203,0.1375400145407076,partial_be,178.0,0.7737594617325118,0.937762825904103,M15,sell,2025-08-05 01:30:00,M15_4563,2025-08
0.14597552677755013,0.14331696240231273,partial_be,269.0,0.6088112419293674,0.4846183061146904,M15,sell,2025-05-20 15:00:00,M15_2871,2025-05
1.5863156132491265,1.5841191902808178,trail,0.0,2.667085032946354,0.8101663005961656,M15,buy,2026-01-28 11:00:00,M15_8729,2026-01
-1.0127713920817836,-1.0217113665389994,sl,41.0,0.46104725415072295,1.028097062579854,M15,buy,2025-06-20 02:45:00,M15_3614,2025-06
0.14048379306243106,0.13165655472699583,partial_be,2.0,0.6078184110971329,0.050441361916784264,M15,buy,2025-09-16 07:30:00,M15_5726,2025-09
0.7710131467277024,0.7665715223622203,trail,345.0,2.118020304568448,0.673223350253777,M15,sell,2025-12-31 14:45:00,M15_8048,2025-12
0.14597552677755013,0.14331696240231273,partial_be,269.0,0.6088112419293674,0.4846183061146904,M15,sell,2025-05-20 09:00:00,M15_2871,2025-05
0.7710131467277024,0.7665715223622203,trail,345.0,2.118020304568448,0.673223350253777,M15,sell,2025-12-31 21:30:00,M15_8048,2025-12
0.13843415515577667,0.1279707769793934,partial_be,3.0,0.9327354260090598,0.3557548579969801,M15,buy,2025-04-01 03:30:00,M15_1969,2025-04
0.14756493506493873,0.14529220779221144,partial_be,2872.0,1.2853896103896265,0.13733766233766415,M15,buy,2025-08-08 07:30:00,M15_4747,2025-08
1.5232323778727566,1.5193195774255792,trail,1899.0,3.9351593068753825,0.8535494689770873,M30,buy,2025-05-20 18:30:00,M30_1632,2025-05
2.155489614243315,2.1531287373461816,tp2,10251.0,4.016188870151756,0.48903878583473714,M30,buy,2025-08-22 19:00:00,M30_2683,2025-08
0.14529311230388145,0.1411090118854714,partial_be,129.0,0.6903765690376399,0.10878661087867075,M30,buy,2025-05-05 17:30:00,M30_1433,2025-05
2.155489614243315,2.1531287373461816,tp2,10251.0,4.016188870151756,0.48903878583473714,M30,buy,2025-08-22 20:00:00,M30_2683,2025-08
0.1442412099728961,0.13945652097768083,partial_be,285.0,0.781954887218043,0.6438824333561177,M30,buy,2025-09-23 14:30:00,M30_3048,2025-09
-1.0100908173562426,-1.0171543895055868,sl,18.0,0.176589303733605,1.0232088799192756,M30,buy,2025-03-04 13:00:00,M30_721,2025-03
0.7716769137166466,0.7690010727380534,trail,714.0,1.725917431192691,0.8019877675840856,M30,buy,2025-11-12 20:30:00,M30_3579,2025-11
0.14227642276418856,0.1351626016259773,partial_be,81.0,1.0762195121950746,0.41869918699189884,M30,buy,2025-06-02 18:30:00,M30_1769,2025-06
0.14728399562522912,0.14473204520598013,partial_be,315.0,0.6303317535544943,0.20488516223112765,M30,buy,2025-04-03 18:30:00,M30_1092,2025-04
0.1442412099728961,0.13945652097768083,partial_be,285.0,0.781954887218043,0.6438824333561177,M30,buy,2025-09-23 16:00:00,M30_3048,2025-09
-0.18804347826088555,-0.19311594202900143,partial_be,3258.0,0.9789855072463468,0.6826086956521702,M30,buy,2025-07-17 21:30:00,M30_2252,2025-07
0.14529311230388145,0.1411090118854714,partial_be,129.0,0.6903765690376399,0.10878661087867075,M30,buy,2025-05-05 15:00:00,M30_1433,2025-05
0.14728399562522912,0.14473204520598013,partial_be,315.0,0.6303317535544943,0.20488516223112765,M30,buy,2025-04-04 02:00:00,M30_1092,2025-04
0.1456569746043235,0.14211446448286602,partial_be,379.0,1.0288461538461389,0.20040485829959476,M30,buy,2026-01-05 18:00:00,M30_4149,2026-01
-1.0100908173562426,-1.0171543895055868,sl,18.0,0.176589303733605,1.0232088799192756,M30,buy,2025-03-04 16:00:00,M30_721,2025-03
1.5231800210199475,1.5181001951854047,trail,833.0,2.7314949201741165,0.11901306240931085,M30,sell,2025-02-25 20:30:00,M30_638,2025-02
0.1430792970321054,0.13690100930041982,partial_be,122.0,0.7722859664606576,0.11032656663728267,M30,sell,2025-07-15 20:30:00,M30_2224,2025-07
0.7716769137166466,0.7690010727380534,trail,714.0,1.725917431192691,0.8019877675840856,M30,buy,2025-11-13 02:30:00,M30_3579,2025-11
0.14792576419214223,0.14601528384279724,partial_be,142.0,1.143558951965072,0.23116812227075012,M30,sell,2025-04-04 20:00:00,M30_1109,2025-04
0.14602554470324558,0.14348009015779103,partial_be,112.0,1.4760000000000053,0.07090909090908429,M30,buy,2026-01-21 09:30:00,M30_4329,2026-01
0.1450413132224,0.14082698450476017,partial_be,218.0,0.6219145093317017,0.42022877784468565,M30,sell,2025-12-05 20:00:00,M30_3865,2025-12
-1.014124293785297,-1.024011299435014,sl,4.0,0.08615819209034459,1.4915254237287896,M30,buy,2025-03-27 19:00:00,M30_995,2025-03
0.14736681847729713,0.14539665242044375,partial_be,604.0,0.7644244300591192,0.5747255840135159,M30,sell,2025-10-09 21:30:00,M30_3248,2025-10
-1.0039416633819616,-1.0067008277493246,sl,510.0,0.45683878596768607,1.108395743003548,M30,sell,2025-12-29 21:30:00,M30_4090,2025-12
-0.18804347826088555,-0.19311594202900143,partial_be,3258.0,0.9789855072463468,0.6826086956521702,M30,buy,2025-07-18 08:00:00,M30_2252,2025-07
0.13148199263143337,0.11449170136929887,partial_be,68.0,0.6966019417474879,0.2087378640776833,M30,buy,2025-01-16 21:00:00,M30_161,2025-01
0.1354697392504104,0.12223722507271653,partial_be,148.0,0.882797731569018,0.5085066162571027,M30,buy,2025-01-24 06:30:00,M30_261,2025-01
0.7705308931907272,0.7658920595260484,trail,300.0,1.565937707090828,0.5069582504970042,M30,buy,2025-04-10 08:00:00,M30_1178,2025-04
0.1450413132224,0.14082698450476017,partial_be,218.0,0.6219145093317017,0.42022877784468565,M30,sell,2025-12-08 03:00:00,M30_3865,2025-12
-1.0095693779904216,-1.0162679425837229,sl,5.0,0.0,1.150239234449729,M30,buy,2025-09-23 21:00:00,M30_3052,2025-09
2.1527436769264323,2.1476079469190954,tp2,5529.0,4.011005135729981,0.060895084372701434,M30,buy,2025-02-12 17:30:00,M30_494,2025-02
0.14227642276418856,0.1351626016259773,partial_be,81.0,1.0762195121950746,0.41869918699189884,M30,buy,2025-06-02 21:30:00,M30_1769,2025-06
0.1354697392504104,0.12223722507271653,partial_be,148.0,0.882797731569018,0.5085066162571027,M30,buy,2025-01-24 22:30:00,M30_261,2025-01
-1.0059171597633352,-1.010059171597655,sl,1.0,0.0,1.0982248520710531,M30,buy,2026-02-23 18:30:00,M30_4693,2026-02
-1.0076335877862874,-1.0129770992366691,sl,122.0,0.15648854961830086,1.0053435114503941,M30,buy,2025-01-10 19:00:00,M30_87,2025-01
2.150098425196765,2.143208661417238,tp2,288.0,4.058070866141611,0.12499999999999441,M30,buy,2025-06-02 03:00:00,M30_1758,2025-06
0.14432890689477892,0.1396023707705384,partial_be,199.0,1.3511141120864893,0.15597569209990345,M30,buy,2026-01-22 11:00:00,M30_4344,2026-01
1.5232323778727566,1.5193195774255792,trail,1899.0,3.9351593068753825,0.8535494689770873,M30,buy,2025-05-27 13:30:00,M30_1632,2025-05
-1.0086805555555476,-1.0147569444444366,sl,581.0,0.05815972222218915,1.0416666666667078,M30,sell,2025-02-17 06:30:00,M30_515,2025-02
1.5232323778727566,1.5193195774255792,trail,1899.0,3.9351593068753825,0.8535494689770873,M30,buy,2025-05-21 16:00:00,M30_1632,2025-05
1.5232323778727566,1.5193195774255792,trail,1899.0,3.9351593068753825,0.8535494689770873,M30,buy,2025-05-22 18:00:00,M30_1632,2025-05
-1.0105152471082977,-1.0178759200841128,sl,220.0,0.1913774973712102,1.0031545741325132,M30,buy,2025-07-17 05:30:00,M30_2233,2025-07
1.522887862978996,1.5173057258179112,trail,76.0,2.5709728867623505,0.8827751196172405,M30,buy,2025-11-18 23:30:00,M30_3648,2025-11
1.5191146881288704,1.5050301810866162,trail,220.0,2.5995975855131976,0.13480885311864085,M30,buy,2025-02-13 23:00:00,M30_505,2025-02
-1.02277904328016,-1.0387243735762863,sl,1.0,0.0728929384965114,1.025056947608124,M30,buy,2025-03-27 22:30:00,M30_1002,2025-03
1.5225856534208817,1.5154500774779662,trail,652.0,2.6371049949031637,0.24974515800202157,M30,buy,2025-06-02 13:00:00,M30_1763,2025-06
-1.0076335877862874,-1.0129770992366691,sl,122.0,0.15648854961830086,1.0053435114503941,M30,buy,2025-01-13 02:30:00,M30_87,2025-01
0.7677786672003185,0.758568140884529,trail,52.0,1.6078947368420982,0.11447368421051332,M30,buy,2025-10-01 13:00:00,M30_3144,2025-10
-1.0039416633819616,-1.0067008277493246,sl,510.0,0.45683878596768607,1.108395743003548,M30,sell,2025-12-29 19:00:00,M30_4090,2025-12
0.14114832535885716,0.13277511961723049,partial_be,264.0,1.3480861244018911,0.8086124401913469,M30,sell,2025-09-18 18:00:00,M30_3000,2025-09
0.1450413132224,0.14082698450476017,partial_be,218.0,0.6219145093317017,0.42022877784468565,M30,sell,2025-12-08 15:30:00,M30_3865,2025-12
1.523303520144431,1.5192828423730351,trail,826.0,3.615163699023583,0.06777713957494809,M30,buy,2025-04-24 15:30:00,M30_1317,2025-04
0.14340625634837012,0.13745893264403705,partial_be,58.0,1.3984706881903195,0.3364485981308447,M30,buy,2025-05-02 08:30:00,M30_1413,2025-05
-1.0086805555555476,-1.0147569444444366,sl,581.0,0.05815972222218915,1.0416666666667078,M30,sell,2025-02-17 17:00:00,M30_515,2025-02
0.7686778460014262,0.7607682414816521,trail,275.0,2.031638418079119,0.12994350282481898,M30,sell,2025-06-10 21:00:00,M30_1856,2025-06
0.14383846794334648,0.1380099916735714,partial_be,200.0,0.8009991673605092,0.43047460449625136,M30,buy,2025-05-29 17:30:00,M30_1729,2025-05
0.1392450142450256,0.1292735042735156,partial_be,240.0,1.3945868945868931,0.6225071225071086,M30,buy,2025-06-20 21:30:00,M30_1953,2025-06
-1.036231884058106,-1.0615942028986878,sl,1.0,0.0,1.0434782608696942,M30,buy,2025-02-18 21:00:00,M30_551,2025-02
0.1450413132224,0.14082698450476017,partial_be,218.0,0.6219145093317017,0.42022877784468565,M30,sell,2025-12-10 07:00:00,M30_3865,2025-12
0.14124753444276034,0.1334087886420883,partial_be,8.0,1.0862262038073904,0.36394176931691596,M30,buy,2025-04-16 06:30:00,M30_1239,2025-04
1.5232323778727566,1.5193195774255792,trail,1899.0,3.9351593068753825,0.8535494689770873,M30,buy,2025-05-21 03:30:00,M30_1632,2025-05
2.1527436769264323,2.1476079469190954,tp2,5529.0,4.011005135729981,0.060895084372701434,M30,buy,2025-02-12 23:30:00,M30_494,2025-02
0.1354697392504104,0.12223722507271653,partial_be,148.0,0.882797731569018,0.5085066162571027,M30,buy,2025-01-24 11:00:00,M30_261,2025-01
0.8285627283800586,0.8264311814860268,trail,1.0,2.588306942752801,0.7862362971985478,M30,buy,2026-01-28 01:30:00,M30_4395,2026-01
-1.0101010101010008,-1.017171717171708,sl,2.0,0.0,1.2101010101010008,M30,sell,2025-07-30 17:30:00,M30_2398,2025-07
0.14177104293594653,0.13430835636878247,partial_be,101.0,0.927505330490375,0.07675906183371496,M30,buy,2025-06-05 02:30:00,M30_1798,2025-06
0.13658256559605428,0.12438744364483428,partial_be,49.0,1.3153310104530433,0.15505226480834608,M30,buy,2025-07-21 22:00:00,M30_2285,2025-07
0.1450413132224,0.14082698450476017,partial_be,218.0,0.6219145093317017,0.42022877784468565,M30,sell,2025-12-10 19:30:00,M30_3865,2025-12
-0.18804347826088555,-0.19311594202900143,partial_be,3258.0,0.9789855072463468,0.6826086956521702,M30,buy,2025-07-18 20:00:00,M30_2252,2025-07
1.5237179487179418,1.5201282051281981,trail,413.0,3.034358974358955,0.5210256410256568,M30,sell,2025-04-25 17:30:00,M30_1338,2025-04
0.14383846794334648,0.1380099916735714,partial_be,200.0,0.8009991673605092,0.43047460449625136,M30,buy,2025-05-29 15:30:00,M30_1729,2025-05
-1.0128369704749565,-1.021822849807434,sl,7.0,0.28754813863931283,1.2310654685494469,M30,buy,2025-09-18 13:30:00,M30_2993,2025-09
0.7731376975169475,0.7705041384499799,trail,87.0,1.7088036117381564,0.3126410835214264,M30,buy,2026-01-26 03:30:00,M30_4368,2026-01
0.14354430784988503,0.13778772890251675,partial_be,178.0,0.7565789473683868,0.9169407894736684,M30,sell,2025-08-06 21:00:00,M30_2322,2025-08
1.5232323778727566,1.5193195774255792,trail,1899.0,3.9351593068753825,0.8535494689770873,M30,buy,2025-05-23 07:30:00,M30_1632,2025-05
0.7716769137166466,0.7690010727380534,trail,714.0,1.725917431192691,0.8019877675840856,M30,buy,2025-11-13 15:00:00,M30_3579,2025-11
0.14354430784988503,0.13778772890251675,partial_be,178.0,0.7565789473683868,0.9169407894736684,M30,sell,2025-08-04 17:00:00,M30_2322,2025-08
0.14124753444276034,0.1334087886420883,partial_be,8.0,1.0862262038073904,0.36394176931691596,M30,buy,2025-04-16 18:00:00,M30_1239,2025-04
0.14792576419214223,0.14601528384279724,partial_be,142.0,1.143558951965072,0.23116812227075012,M30,sell,2025-04-07 16:30:00,M30_1109,2025-04
0.14354430784988503,0.13778772890251675,partial_be,178.0,0.7565789473683868,0.9169407894736684,M30,sell,2025-08-06 08:30:00,M30_2322,2025-08
0.1450413132224,0.14082698450476017,partial_be,218.0,0.6219145093317017,0.42022877784468565,M30,sell,2025-12-09 05:00:00,M30_3865,2025-12
0.14792576419214223,0.14601528384279724,partial_be,142.0,1.143558951965072,0.23116812227075012,M30,sell,2025-04-09 08:00:00,M30_1109,2025-04
0.1456569746043235,0.14211446448286602,partial_be,379.0,1.0288461538461389,0.20040485829959476,M30,buy,2026-01-06 06:30:00,M30_4149,2026-01
0.14577385509071814,0.1428388446085379,partial_be,457.0,1.0603773584905103,0.7840670859538588,M30,sell,2025-12-30 11:00:00,M30_4084,2025-12
0.14588061529594412,0.14228718613783323,partial_be,15.0,1.1262833675564698,0.10112936344968163,M30,sell,2025-10-10 04:30:00,M30_3245,2025-10
1.5232323778727566,1.5193195774255792,trail,1899.0,3.9351593068753825,0.8535494689770873,M30,buy,2025-05-23 20:00:00,M30_1632,2025-05
0.14577385509071814,0.1428388446085379,partial_be,457.0,1.0603773584905103,0.7840670859538588,M30,sell,2025-12-30 23:30:00,M30_4084,2025-12
0.14529311230388145,0.1411090118854714,partial_be,129.0,0.6903765690376399,0.10878661087867075,M30,buy,2025-05-06 06:30:00,M30_1433,2025-05
1.5222545038936226,1.5136865724370743,trail,695.0,2.6474908200733736,0.485924112607126,M30,buy,2025-02-20 12:30:00,M30_566,2025-02
0.14577385509071814,0.1428388446085379,partial_be,457.0,1.0603773584905103,0.7840670859538588,M30,sell,2026-01-02 02:30:00,M30_4084,2026-01
0.14354430784988503,0.13778772890251675,partial_be,178.0,0.7565789473683868,0.9169407894736684,M30,sell,2025-08-05 06:30:00,M30_2322,2025-08
1.5232323778727566,1.5193195774255792,trail,1899.0,3.9351593068753825,0.8535494689770873,M30,buy,2025-05-28 15:30:00,M30_1632,2025-05
0.1456569746043235,0.14211446448286602,partial_be,379.0,1.0288461538461389,0.20040485829959476,M30,buy,2026-01-06 19:00:00,M30_4149,2026-01
0.14657009545241598,0.14375772100484666,partial_be,269.0,0.6440337484933821,0.512655685014055,M30,sell,2025-05-19 12:00:00,M30_1512,2025-05
0.14792576419214223,0.14601528384279724,partial_be,142.0,1.143558951965072,0.23116812227075012,M30,sell,2025-04-08 18:30:00,M30_1109,2025-04
2.1527436769264323,2.1476079469190954,tp2,5529.0,4.011005135729981,0.060895084372701434,M30,buy,2025-02-13 13:00:00,M30_494,2025-02
0.14354430784988503,0.13778772890251675,partial_be,178.0,0.7565789473683868,0.9169407894736684,M30,sell,2025-08-04 04:30:00,M30_2322,2025-08
1.5232323778727566,1.5193195774255792,trail,1899.0,3.9351593068753825,0.8535494689770873,M30,buy,2025-05-22 05:30:00,M30_1632,2025-05
0.14657009545241598,0.14375772100484666,partial_be,269.0,0.6440337484933821,0.512655685014055,M30,sell,2025-05-20 14:00:00,M30_1512,2025-05
0.14555529993100472,0.14195632820863965,partial_be,3175.0,0.8791773778920577,0.43187660668378997,M30,sell,2025-11-26 08:00:00,M30_3596,2025-11
1.5232323778727566,1.5193195774255792,trail,1899.0,3.9351593068753825,0.8535494689770873,M30,buy,2025-05-26 09:30:00,M30_1632,2025-05
0.14657009545241598,0.14375772100484666,partial_be,269.0,0.6440337484933821,0.512655685014055,M30,sell,2025-05-16 10:00:00,M30_1512,2025-05
-1.0081037277147045,-1.0137763371150286,sl,21.0,0.048622366288521617,1.0316045380874728,M30,sell,2026-01-09 12:30:00,M30_4076,2026-01
0.14042493189810043,0.13154168316713608,partial_be,30.0,0.8147208121827391,0.19035532994923593,M30,buy,2025-07-21 09:30:00,M30_2255,2025-07
0.14657009545241598,0.14375772100484666,partial_be,269.0,0.6440337484933821,0.512655685014055,M30,sell,2025-05-15 20:30:00,M30_1512,2025-05
0.14555529993100472,0.14195632820863965,partial_be,3175.0,0.8791773778920577,0.43187660668378997,M30,sell,2025-11-27 10:00:00,M30_3596,2025-11
2.1527436769264323,2.1476079469190954,tp2,5529.0,4.011005135729981,0.060895084372701434,M30,buy,2025-02-14 15:00:00,M30_494,2025-02
0.14657009545241598,0.14375772100484666,partial_be,269.0,0.6440337484933821,0.512655685014055,M30,sell,2025-05-14 06:00:00,M30_1512,2025-05
1.5232323778727566,1.5193195774255792,trail,1899.0,3.9351593068753825,0.8535494689770873,M30,buy,2025-05-28 03:00:00,M30_1632,2025-05
0.14657009545241598,0.14375772100484666,partial_be,269.0,0.6440337484933821,0.512655685014055,M30,sell,2025-05-13 16:30:00,M30_1512,2025-05
0.14657009545241598,0.14375772100484666,partial_be,269.0,0.6440337484933821,0.512655685014055,M30,sell,2025-05-13 04:00:00,M30_1512,2025-05
-0.18804347826088555,-0.19311594202900143,partial_be,3258.0,0.9789855072463468,0.6826086956521702,M30,buy,2025-07-25 05:00:00,M30_2252,2025-07
0.769950124688287,0.7684954280964335,trail,253.0,1.7982128013300072,0.07107231920197779,M30,sell,2026-02-24 05:30:00,M30_4445,2026-02
0.14657009545241598,0.14375772100484666,partial_be,269.0,0.6440337484933821,0.512655685014055,M30,sell,2025-05-16 22:30:00,M30_1512,2025-05
0.14354430784988503,0.13778772890251675,partial_be,178.0,0.7565789473683868,0.9169407894736684,M30,sell,2025-07-30 11:00:00,M30_2322,2025-07
-1.0053248136315425,-1.0090521831736086,sl,130.0,0.0782747603834012,1.0181043663471858,M30,sell,2025-11-06 17:30:00,M30_3382,2025-11
0.14657009545241598,0.14375772100484666,partial_be,269.0,0.6440337484933821,0.512655685014055,M30,sell,2025-05-20 01:30:00,M30_1512,2025-05
0.14555529993100472,0.14195632820863965,partial_be,3175.0,0.8791773778920577,0.43187660668378997,M30,sell,2025-11-28 01:30:00,M30_3596,2025-11
0.1462966949886626,0.14439710204429354,partial_be,3030.0,0.9799185888738187,0.20922659430122267,H1,buy,2025-08-01 20:00:00,H1_1187,2025-08
0.14761447326289223,0.14537303874480065,partial_be,1965.0,0.6173551072686579,0.5148895292987485,H1,buy,2025-08-22 23:00:00,H1_1303,2025-08
0.14752242427887924,0.14577460904791795,partial_be,709.0,0.7805243445692903,0.8706616729088572,H1,buy,2025-11-12 21:00:00,H1_1758,2025-11
0.1478410234555192,0.14662953158982173,partial_be,354.0,0.6398407753547856,0.25752855659398016,H1,sell,2026-02-12 22:00:00,H1_2263,2026-02
0.14268952147740235,0.13626160595857767,partial_be,286.0,1.3535353535353494,0.3544536271809157,H1,buy,2025-09-15 22:00:00,H1_1422,2025-09
0.1483546222126105,0.1468391426715843,partial_be,1405.0,0.688677202857776,0.9525871400736172,H1,sell,2025-12-29 23:00:00,H1_2002,2025-12
0.1462966949886626,0.14439710204429354,partial_be,3030.0,0.9799185888738187,0.20922659430122267,H1,buy,2025-08-11 14:00:00,H1_1187,2025-08
-0.15118623570142053,-0.15671546160979322,partial_be,3256.0,1.1571879936808276,0.6540284360189572,H1,buy,2025-07-17 22:00:00,H1_1091,2025-07
0.1462966949886626,0.14439710204429354,partial_be,3030.0,0.9799185888738187,0.20922659430122267,H1,buy,2025-08-04 04:00:00,H1_1187,2025-08
2.1498127340824924,2.1410736579276857,tp2,359.0,4.076154806492017,0.06616729088636217,H1,buy,2025-07-21 21:00:00,H1_1112,2025-07
-1.0112359550561694,-1.0191011235954952,sl,122.0,0.41123595505615923,1.091011235955049,H1,buy,2025-09-22 23:00:00,H1_1470,2025-09
2.6148280068993315,2.6119813212547607,tp2,4334.0,4.0020333468889495,0.6344042293615401,H1,sell,2025-05-09 03:00:00,H1_696,2025-05
-0.15118623570142053,-0.15671546160979322,partial_be,3256.0,1.1571879936808276,0.6540284360189572,H1,buy,2025-07-18 07:00:00,H1_1091,2025-07
0.1462650107872456,0.14309040761264247,partial_be,1827.0,1.083446712018126,0.712018140589555,H1,buy,2025-08-05 20:00:00,H1_1196,2025-08
0.1425611645587866,0.13585618371587474,partial_be,325.0,1.4636015325670177,0.16858237547894722,H1,sell,2025-02-14 23:00:00,H1_235,2025-02
0.7705946988877957,0.7665106848854619,trail,917.0,1.7164527421237044,0.5705950991831866,H1,buy,2025-06-02 13:00:00,H1_831,2025-06
0.14341695143261146,0.13776267033406547,partial_be,178.0,0.7431340872374586,0.900646203554119,H1,sell,2025-07-23 22:00:00,H1_1126,2025-07
2.149930747922419,2.1450831024930563,tp2,678.0,4.039473684210506,0.5034626038781131,H1,buy,2025-05-05 20:00:00,H1_661,2025-05
0.1461473692651451,0.1437967984122237,partial_be,110.0,1.2864338482202367,0.14204163868369307,H1,buy,2026-01-21 10:00:00,H1_2140,2026-01
0.771601227829725,0.7686699045466429,trail,328.0,1.6859296482411885,0.25000000000000955,H1,buy,2025-11-17 06:00:00,H1_1775,2025-11
0.7719056372548923,0.7676164215686178,trail,448.0,2.4779411764705666,0.10294117647057717,H1,buy,2025-06-05 02:00:00,H1_846,2025-06
-1.004076640847919,-1.006930289441478,sl,0.0,0.0,1.4304932735425846,H1,buy,2026-01-19 05:00:00,H1_2123,2026-01
1.5225341900642138,1.5143085731429449,trail,382.0,2.6698002350175343,0.18331374853118215,H1,sell,2025-02-25 22:00:00,H1_288,2025-02
-0.5484261501210902,-0.5526634382566834,sl,0.0,0.3849878934624503,0.6525423728813687,H1,buy,2025-05-09 12:00:00,H1_704,2025-05
0.1436110641270582,0.13785921531851264,partial_be,200.0,0.7773212818405899,0.43796220213639236,H1,buy,2025-05-29 18:00:00,H1_812,2025-05
1.521376189733287,1.5110211601474877,trail,117.0,2.6020710059172725,0.7381656804733663,H1,buy,2025-02-10 17:00:00,H1_196,2025-02
0.1462966949886626,0.14439710204429354,partial_be,3030.0,0.9799185888738187,0.20922659430122267,H1,buy,2025-08-05 06:00:00,H1_1187,2025-08
-1.008116883116913,-1.0137987012987313,sl,1.0,0.0,1.0073051948052067,H1,buy,2025-12-22 11:00:00,H1_1963,2025-12
2.1551688929464334,2.1500816836441077,tp2,78.0,4.169331395348934,0.4200581395348724,H1,buy,2025-11-10 12:00:00,H1_1732,2025-11
0.14341695143261146,0.13776267033406547,partial_be,178.0,0.7431340872374586,0.900646203554119,H1,sell,2025-08-06 08:00:00,H1_1126,2025-08
0.1462966949886626,0.14439710204429354,partial_be,3030.0,0.9799185888738187,0.20922659430122267,H1,buy,2025-08-08 12:00:00,H1_1187,2025-08
0.1462966949886626,0.14439710204429354,partial_be,3030.0,0.9799185888738187,0.20922659430122267,H1,buy,2025-08-06 08:00:00,H1_1187,2025-08
0.1462966949886626,0.14439710204429354,partial_be,3030.0,0.9799185888738187,0.20922659430122267,H1,buy,2025-08-07 10:00:00,H1_1187,2025-08
-1.004076640847919,-1.006930289441478,sl,0.0,0.0,1.4304932735425846,H1,buy,2026-01-20 03:00:00,H1_2123,2026-01
0.14420653272871936,0.13923140835060982,partial_be,107.0,0.7306325515281032,0.6886993603411695,H1,buy,2025-03-24 04:00:00,H1_388,2025-03
2.1551688929464334,2.1500816836441077,tp2,78.0,4.169331395348934,0.4200581395348724,H1,buy,2025-11-10 21:00:00,H1_1732,2025-11
0.14667838678801196,0.1438961928293475,partial_be,2.0,1.3410174880762622,0.4495230524642312,H1,buy,2026-01-14 18:00:00,H1_2096,2026-01
0.14667838678801196,0.1438961928293475,partial_be,2.0,1.3410174880762622,0.4495230524642312,H1,buy,2026-01-15 20:00:00,H1_2096,2026-01
-0.15118623570142053,-0.15671546160979322,partial_be,3256.0,1.1571879936808276,0.6540284360189572,H1,buy,2025-07-21 09:00:00,H1_1091,2025-07
0.14676243567753733,0.1437607204116711,partial_be,269.0,0.6873927958833791,0.5471698113207514,H1,sell,2025-05-20 14:00:00,H1_715,2025-05
0.14420653272871936,0.13923140835060982,partial_be,107.0,0.7306325515281032,0.6886993603411695,H1,buy,2025-03-25 07:00:00,H1_388,2025-03
0.14676243567753733,0.1437607204116711,partial_be,269.0,0.6873927958833791,0.5471698113207514,H1,sell,2025-05-14 06:00:00,H1_715,2025-05
0.14676243567753733,0.1437607204116711,partial_be,269.0,0.6873927958833791,0.5471698113207514,H1,sell,2025-05-16 10:00:00,H1_715,2025-05
0.14420653272871936,0.13923140835060982,partial_be,107.0,0.7306325515281032,0.6886993603411695,H1,buy,2025-03-26 10:00:00,H1_388,2025-03
0.14420653272871936,0.13923140835060982,partial_be,107.0,0.7306325515281032,0.6886993603411695,H1,buy,2025-03-21 01:00:00,H1_388,2025-03
0.14420653272871936,0.13923140835060982,partial_be,107.0,0.7306325515281032,0.6886993603411695,H1,buy,2025-03-27 13:00:00,H1_388,2025-03
0.14420653272871936,0.13923140835060982,partial_be,107.0,0.7306325515281032,0.6886993603411695,H1,buy,2025-03-31 19:00:00,H1_388,2025-03
0.14420653272871936,0.13923140835060982,partial_be,107.0,0.7306325515281032,0.6886993603411695,H1,buy,2025-04-01 21:00:00,H1_388,2025-04
