key,tf,poi_id,kind,side,quality,grade,selected_time,entry_time,close_time,hold_min,entry,limit,sl,tp1,tp2,zone_top,zone_bottom,risk_usd_per_unit,atr,lots,risk_money,gross,commission,swap,net,r_gross,r_net,outcome,partial,mfe_r,mae_r,legs,cum_net,cum_r,month
M5#2749,M5,2749,OB,buy,0.579,B,2025-09-03 01:10:00,2025-09-03 01:36:00,2025-09-03 06:04:00,268.0,3531.26,3531.26,3525.95,3534.45,3556.75,3531.26,3525.95,5.3100000000004,1.9721428571428337,0.18,95.58000000000722,88.5999999999949,1.2600000000000002,0.0,87.3399999999949,0.9269721699098997,0.9137894957102773,partial_be,True,2.883239171374537,0.9548022598869645,0.04@3534.45:tp1;0.04@3537.63:tp1;0.04@3544.00:tp1;0.06@3531.16:be,87.3399999999949,0.9137894957102773,2025-09
M10#1630,M10,1630,IMB,sell,0.61,B,2025-09-10 13:50:00,2025-09-10 13:53:00,2025-09-11 08:55:00,1142.0,3657.46,3657.46,3664.18,3653.43,3625.2,3664.18,3657.46,6.7199999999998,2.7357142857142662,0.15,100.799999999997,278.2200000000021,1.05,0.8999999999999999,278.07000000000204,2.7601190476191504,2.7586309523810546,tp2,True,4.930059523809687,0.05208333333338902,0.03@3653.43:tp1;0.03@3649.40:tp1;0.03@3641.33:tp1;0.06@3625.20:tp2,365.40999999999696,3.672420448091332,2025-09
M10#1747,M10,1747,OB,buy,0.613,B,2025-09-12 18:00:00,2025-09-12 18:05:00,2025-09-15 02:22:00,3377.0,3646.16,3646.16,3638.49,3650.76,3682.98,3646.16,3638.49,7.670000000000073,3.9214285714285455,0.13,99.71000000000095,-101.00999999999976,0.91,-6.5,-108.41999999999976,-1.013037809647967,-1.0873533246414475,sl,False,0.5971316818774295,1.0847457627118162,0.03@3638.39:sl;0.03@3638.39:sl;0.03@3638.39:sl;0.04@3638.39:sl,256.98999999999717,2.5850671234498845,2025-09
H1#312,H1,312,IMB,buy,0.669,A,2025-09-15 23:00:00,2025-09-16 01:00:00,2025-09-16 05:46:00,286.0,3674.67,3674.67,3663.78,3681.2,3726.94,3674.67,3663.78,10.889999999999873,9.837857142857144,0.09,98.00999999999887,38.69999999999936,0.6300000000000001,-4.5,33.56999999999936,0.3948576675849384,0.3425160697887945,partial_be,True,1.3535353535353494,0.3544536271809157,0.02@3681.20:tp1;0.02@3687.74:tp1;0.02@3674.57:be;0.03@3674.57:be,290.55999999999653,2.927583193238679,2025-09
M10#1821,M10,1821,IMB,buy,0.711,A,2025-09-15 20:00:00,2025-09-16 01:00:00,2025-09-16 12:23:00,683.0,3672.88,3672.88,3667.8,3675.93,3697.26,3672.88,3667.8,5.079999999999927,4.3828571428571195,0.2,101.59999999999854,228.59999999999903,1.4000000000000001,-5.0,222.19999999999902,2.2500000000000226,2.18700787401577,tp2,True,4.903543307086656,0.407480314960668,0.05@3675.93:tp1;0.05@3678.98:tp1;0.05@3685.07:tp1;0.05@3697.26:tp2,512.7599999999956,5.114591067254449,2025-09
M10#1885,M10,1885,IMB,sell,0.643,B,2025-09-17 05:30:00,2025-09-17 05:49:00,2025-09-17 06:15:00,26.0,3682.41,3682.41,3685.9,3680.32,3665.66,3685.9,3682.41,3.4900000000002365,3.5914285714285534,0.3,104.70000000000711,12.32999999998947,2.1000000000000005,0.0,10.22999999998947,0.11776504297983412,0.09770773638957761,partial_be,True,0.6647564469912756,0.4842406876791962,0.07@3680.32:tp1;0.07@3682.51:be;0.07@3682.51:be;0.09@3682.51:be,522.989999999985,5.2122988036440265,2025-09
M30#698,M30,698,OB,buy,0.55,B,2025-09-17 21:00:00,2025-09-17 21:01:00,2025-09-17 21:01:00,0.0,3668.59,3668.59,3661.39,3672.91,3703.15,3668.59,3661.39,7.200000000000273,6.002142857142871,0.14,100.80000000000383,-102.20000000000255,0.9800000000000001,0.0,-103.18000000000255,-1.0138888888888755,-1.0236111111110975,sl,False,1.9444444444443707,2.023611111111057,0.03@3661.29:sl;0.03@3661.29:sl;0.03@3661.29:sl;0.05@3661.29:sl,419.80999999998244,4.188687692532929,2025-09
M10#1936,M10,1936,IMB,sell,0.607,B,2025-09-18 09:50:00,2025-09-18 10:06:00,2025-09-18 10:20:00,14.0,3642.02,3642.02,3649.51,3637.53,3606.07,3649.51,3642.02,7.4900000000002365,4.713571428571446,0.13,97.37000000000307,-98.67000000000188,0.91,0.0,-99.58000000000187,-1.0133511348464492,-1.0226969292389723,sl,False,0.2510013351134913,1.0654205607476324,0.03@3649.61:sl;0.03@3649.61:sl;0.03@3649.61:sl;0.04@3649.61:sl,320.2299999999806,3.1659907632939563,2025-09
M10#2052,M10,2052,IMB,buy,0.627,B,2025-09-22 21:50:00,2025-09-22 22:28:00,2025-09-23 01:00:00,152.0,3744.65,3744.65,3741.76,3746.38,3758.52,3744.65,3741.76,2.8899999999998727,2.396428571428617,0.35,101.14999999999554,-14.830000000006287,2.45,0.0,-17.280000000006286,-0.14661393969359307,-0.17083539298079137,partial_be,True,1.3633217993080373,1.70242214532882,0.08@3746.38:tp1;0.08@3748.12:tp1;0.08@3741.68:be;0.11@3741.68:be,302.9499999999743,2.995155370313165,2025-09
M15#1430,M15,1430,IMB,buy,0.6,B,2025-09-22 22:00:00,2025-09-22 22:28:00,2025-09-23 01:00:00,152.0,3744.65,3744.65,3741.76,3746.38,3758.52,3744.65,3741.76,2.8899999999998727,3.1850000000000103,0.35,101.14999999999554,-14.830000000006287,2.45,0.0,-17.280000000006286,-0.14661393969359307,-0.17083539298079137,partial_be,True,1.3633217993080373,1.70242214532882,0.08@3746.38:tp1;0.08@3748.12:tp1;0.08@3741.68:be;0.11@3741.68:be,285.669999999968,2.8243199773323737,2025-09
M10#2076,M10,2076,IMB,buy,0.663,A,2025-09-23 17:40:00,2025-09-23 19:36:00,2025-09-23 21:55:00,139.0,3766.79,3766.79,3759.68,3771.06,3800.92,3766.79,3759.68,7.110000000000127,6.394999999999949,0.14,99.5400000000018,89.08000000000084,0.9800000000000001,0.0,88.10000000000083,0.8949166164355961,0.8850713281092952,partial_be,True,2.666666666666624,0.26722925457103475,0.03@3771.06:tp1;0.03@3775.32:tp1;0.03@3783.85:tp1;0.05@3766.69:be,373.76999999996883,3.709391305441669,2025-09
M30#774,M30,774,UW,buy,0.636,B,2025-09-23 21:30:00,2025-09-23 21:51:00,2025-09-23 21:56:00,5.0,3775.34,3775.34,3764.89,3781.61,3825.5,3775.34,3764.89,10.450000000000273,8.76071428571426,0.09,94.05000000000247,-94.95000000000164,0.6300000000000001,0.0,-95.58000000000163,-1.0095693779904216,-1.0162679425837227,sl,False,0.0,1.150239234449729,0.02@3764.79:sl;0.02@3764.79:sl;0.02@3764.79:sl;0.03@3764.79:sl,278.1899999999672,2.6931233628579463,2025-09
M5#4335,M5,4335,OB,sell,0.588,B,2025-09-25 17:10:00,2025-09-25 17:23:00,2025-09-25 18:15:00,52.0,3735.85,3735.85,3743.1,3731.5,3701.05,3743.1,3735.85,7.25,6.58928571428565,0.14,101.50000000000001,38.3499999999999,0.9800000000000001,0.0,37.369999999999905,0.37783251231526993,0.36817733990147683,partial_be,True,1.651034482758593,0.2786206896551699,0.03@3731.50:tp1;0.03@3727.15:tp1;0.03@3735.95:be;0.05@3735.95:be,315.5599999999671,3.0613007027594232,2025-09
M5#4333,M5,4333,IMB,sell,0.557,B,2025-09-25 17:25:00,2025-09-25 21:25:00,2025-09-25 21:35:00,10.0,3746.51,3746.51,3751.81,3743.33,3721.07,3751.81,3746.51,5.299999999999727,6.39142857142854,0.19,100.69999999999482,-102.59999999999309,1.33,0.0,-103.92999999999309,-1.0188679245282857,-1.0320754716980978,sl,False,0.1056603773585715,1.0641509433962573,0.04@3751.91:sl;0.04@3751.91:sl;0.04@3751.91:sl;0.07@3751.91:sl,211.62999999997402,2.0292252310613255,2025-09
M10#2213,M10,2213,UW,sell,0.6,B,2025-09-26 08:20:00,2025-09-26 08:39:00,2025-09-26 09:12:00,33.0,3749.65,3749.65,3753.57,3747.3,3730.83,3753.57,3749.65,3.9200000000000728,2.5235714285714232,0.26,101.92000000000189,40.90000000000236,1.82,0.0,39.08000000000236,0.40129513343800627,0.38343799058086375,partial_be,True,2.0102040816326436,0.08673469387747053,0.06@3747.30:tp1;0.06@3744.95:tp1;0.06@3749.75:be;0.08@3749.75:be,250.7099999999764,2.4126632216421893,2025-09
M30#850,M30,850,IMB,sell,0.588,B,2025-09-30 16:30:00,2025-09-30 16:43:00,2025-09-30 17:10:00,27.0,3823.86,3823.86,3839.4,3814.54,3749.27,3839.4,3823.86,15.539999999999964,13.799285714285718,0.06,93.2399999999998,-93.83999999999924,0.42000000000000004,0.0,-94.25999999999924,-1.0064350064350005,-1.010939510939505,sl,False,0.173101673101677,1.0791505791505804,0.01@3839.50:sl;0.01@3839.50:sl;0.01@3839.50:sl;0.03@3839.50:sl,156.44999999997714,1.4017237107026843,2025-09
M10#2360,M10,2360,IMB,buy,0.666,A,2025-09-30 17:50:00,2025-09-30 18:08:00,2025-09-30 18:14:00,6.0,3837.88,3837.88,3830.02,3842.6,3875.61,3837.88,3830.02,7.860000000000127,8.494999999999923,0.12,94.32000000000153,13.260000000000217,0.84,0.0,12.420000000000217,0.14058524173027992,0.13167938931297726,partial_be,True,0.6297709923663789,0.6704834605597833,0.03@3842.60:tp1;0.03@3837.78:be;0.03@3837.78:be;0.03@3837.78:be,168.86999999997735,1.5334031000156616,2025-09
M5#4612,M5,4612,IMB,buy,0.745,A,2025-09-30 17:40:00,2025-09-30 18:08:00,2025-10-01 11:03:00,1015.0,3837.88,3837.88,3828.27,3843.65,3884.01,3837.88,3828.27,9.610000000000127,6.79357142857134,0.1,96.10000000000127,265.2399999999998,0.7000000000000001,-9.0,255.5399999999998,2.7600416233090144,2.6591050988553215,tp2,True,4.821019771071729,0.6826222684703287,0.02@3843.65:tp1;0.02@3849.41:tp1;0.02@3860.94:tp1;0.04@3884.01:tp2,424.4099999999771,4.192508198870983,2025-10
M5#1002814,M5,1002814,OB,sell,0.558,B,2025-10-02 13:15:00,2025-10-02 13:21:00,2025-10-02 13:42:00,21.0,3883.26,3883.26,3888.52,3880.1,3858.01,3888.52,3883.26,5.2599999999997635,2.601428571428609,0.19,99.9399999999955,11.140000000002601,1.33,0.0,9.810000000002601,0.11146688012810789,0.09815889533723277,partial_be,True,0.6615969581749381,0.2566539923954315,0.04@3880.10:tp1;0.04@3883.36:be;0.04@3883.36:be;0.07@3883.36:be,434.21999999997973,4.2906670942082155,2025-10
M10#1001696,M10,1001696,OB,buy,0.629,B,2025-10-09 04:00:00,2025-10-09 04:03:00,2025-10-09 05:02:00,59.0,4014.51,4014.51,4005.27,4020.05,4058.86,4014.51,4005.27,9.240000000000236,7.089999999999918,0.11,101.6400000000026,32.55999999999676,0.77,0.0,31.789999999996763,0.3203463203462803,0.3127705627705229,partial_be,True,2.3744588744587705,0.6774891774891838,0.02@4020.05:tp1;0.02@4025.60:tp1;0.02@4014.41:be;0.05@4014.41:be,466.0099999999765,4.6034376569787385,2025-10
M5#1003312,M5,1003312,OB,sell,0.603,B,2025-10-09 07:25:00,2025-10-09 15:54:00,2025-10-09 16:00:00,6.0,4049.01,4049.01,4054.3,4045.84,4023.62,4054.3,4049.01,5.289999999999964,2.7671428571428414,0.19,100.50999999999931,-102.40999999999758,1.33,0.0,-103.73999999999758,-1.0189035916824025,-1.0321361058600964,sl,False,0.003780718336566483,1.22495274102072,0.04@4054.40:sl;0.04@4054.40:sl;0.04@4054.40:sl;0.07@4054.40:sl,362.26999999997895,3.5713015511186423,2025-10
M10#1001734,M10,1001734,OB,buy,0.713,A,2025-10-09 23:10:00,2025-10-10 01:10:00,2025-10-10 06:26:00,316.0,3967.97,3967.97,3957.35,3974.34,4018.95,3967.97,3957.35,10.61999999999989,7.807857142857172,0.09,95.57999999999903,88.90000000000191,0.6300000000000001,0.0,88.27000000000191,0.9301109018623437,0.923519564762532,partial_be,True,2.502824858757124,0.8709981167608376,0.02@3974.34:tp1;0.02@3980.71:tp1;0.02@3993.46:tp1;0.03@3967.87:be,450.53999999998086,4.494821115881175,2025-10
M5#1003390,M5,1003390,IMB,sell,0.642,B,2025-10-10 02:50:00,2025-10-10 02:52:00,2025-10-10 07:14:00,262.0,3989.78,3989.78,3998.06,3984.81,3950.04,3998.06,3989.78,8.279999999999745,3.161428571428587,0.12,99.35999999999694,223.56000000000267,0.84,0.0,222.72000000000267,2.250000000000096,2.2415458937199024,tp2,True,5.137681159420499,0.6086956521739274,0.03@3984.81:tp1;0.03@3979.84:tp1;0.03@3969.91:tp1;0.03@3950.04:tp2,673.2599999999835,6.736367009601077,2025-10
M5#1003465,M5,1003465,OB,sell,0.644,B,2025-10-10 17:30:00,2025-10-10 17:31:00,2025-10-10 17:39:00,8.0,3987.39,3987.39,3994.7,3983.0,3952.3,3994.7,3987.39,7.309999999999945,6.980000000000051,0.14,102.33999999999925,12.070000000000618,0.9800000000000001,0.0,11.090000000000618,0.11794019933555508,0.10836427594294215,partial_be,True,0.9794801641586741,0.09986320109439448,0.03@3983.00:tp1;0.03@3987.49:be;0.03@3987.49:be;0.05@3987.49:be,684.3499999999841,6.844731285544019,2025-10
M30#1000621,M30,1000621,IMB,sell,0.687,A,2025-10-09 22:00:00,2025-10-09 22:14:00,2025-10-10 18:07:00,1193.0,3974.4,3974.4,4009.93,3953.08,3803.86,4009.93,3974.4,35.529999999999745,19.753571428571508,0.02,71.05999999999949,-71.26000000000022,0.14,0.3,-71.10000000000022,-1.0028145229383723,-1.0005629045876827,sl,False,0.7644244300591192,1.0287081339713045,0.01@4010.03:sl;0.01@4010.03:sl,613.2499999999839,5.8441683809563365,2025-10
M30#1000618,M30,1000618,IMB,sell,0.609,B,2025-10-10 22:00:00,2025-10-13 01:01:00,2025-10-13 01:16:00,15.0,4029.27,4029.27,4048.75,4017.58,3935.77,4048.75,4029.27,19.480000000000018,17.65428571428577,0.05,97.40000000000009,11.290000000000418,0.35000000000000003,0.0,10.940000000000419,0.11591375770020952,0.11232032854209865,partial_be,True,1.1262833675564698,0.10112936344968163,0.01@4017.58:tp1;0.01@4029.37:be;0.01@4029.37:be;0.02@4029.37:be,624.1899999999843,5.956488709498435,2025-10
M15#1001238,M15,1001238,OB,sell,0.632,B,2025-10-10 11:15:00,2025-10-13 01:25:00,2025-10-13 02:08:00,43.0,4040.88,4040.88,4055.88,4031.88,3968.88,4055.88,4040.88,15.0,8.779285714285736,0.07,104.99999999999999,-105.69999999999938,0.48999999999999994,0.0,-106.18999999999937,-1.0066666666666608,-1.0113333333333274,sl,False,0.5306666666666691,1.2079999999999926,0.01@4055.98:sl;0.01@4055.98:sl;0.01@4055.98:sl;0.04@4055.98:sl,517.9999999999849,4.945155376165108,2025-10
M5#1003612,M5,1003612,IMB,buy,0.583,B,2025-10-14 04:40:00,2025-10-14 04:41:00,2025-10-14 04:54:00,13.0,4139.03,4139.03,4131.99,4143.25,4172.82,4139.03,4131.99,7.039999999999964,5.438571428571582,0.14,98.5599999999995,-99.95999999999185,0.9800000000000001,0.0,-100.93999999999185,-1.014204545454468,-1.0241477272726498,sl,False,0.18181818181827578,1.011363636363626,0.03@4131.89:sl;0.03@4131.89:sl;0.03@4131.89:sl;0.05@4131.89:sl,417.059999999993,3.921007648892458,2025-10
M5#1003640,M5,1003640,UW,buy,0.597,B,2025-10-14 15:25:00,2025-10-14 16:01:00,2025-10-14 17:11:00,70.0,4098.43,4098.43,4090.35,4103.28,4137.21,4098.43,4090.35,8.080000000000382,4.6892857142859485,0.12,96.96000000000458,218.15999999999528,0.84,0.0,217.31999999999528,2.249999999999845,2.2413366336632117,tp2,True,4.799504950494791,0.10024752475252004,0.03@4103.28:tp1;0.03@4108.13:tp1;0.03@4117.82:tp1;0.03@4137.21:tp2,634.3799999999883,6.16234428255567,2025-10
M15#1001324,M15,1001324,IMB,sell,0.65,B,2025-10-14 10:45:00,2025-10-14 11:12:00,2025-10-15 04:05:00,1013.0,4137.22,4137.22,4174.36,4114.94,3958.95,4174.36,4137.22,37.13999999999942,18.677857142856997,0.02,74.27999999999884,-74.47999999999956,0.14,0.8999999999999999,-73.71999999999956,-1.0026925148088413,-0.9924609585352816,sl,False,1.0589660743134233,1.0963920301561654,0.01@4174.46:sl;0.01@4174.46:sl,560.6599999999887,5.169883324020388,2025-10
M30#1000652,M30,1000652,OB,sell,0.688,A,2025-10-14 11:00:00,2025-10-14 11:12:00,2025-10-15 04:07:00,1015.0,4136.9,4136.9,4179.08,4111.59,3934.44,4179.08,4136.9,42.18000000000029,20.89285714285708,0.02,84.36000000000058,-84.56000000000131,0.14,0.8999999999999999,-83.8000000000013,-1.0023707918444846,-0.9933617828354756,sl,False,0.9248458985300863,1.0258416311047922,0.01@4179.18:sl;0.01@4179.18:sl,476.8599999999874,4.176521541184912,2025-10
M10#1001849,M10,1001849,OB,sell,0.707,A,2025-10-14 20:10:00,2025-10-15 01:14:00,2025-10-15 04:07:00,173.0,4159.06,4159.06,4179.08,4147.05,4062.96,4179.08,4159.06,20.019999999999527,8.944999999999968,0.05,100.09999999999764,-100.59999999999945,0.35000000000000003,0.0,-100.94999999999945,-1.0049950049950234,-1.008491508491527,sl,False,0.44155844155845925,1.054445554445563,0.01@4179.18:sl;0.01@4179.18:sl;0.01@4179.18:sl;0.02@4179.18:sl,375.9099999999879,3.1680300326933852,2025-10
M5#1003708,M5,1003708,IMB,buy,0.659,A,2025-10-15 04:30:00,2025-10-15 05:31:00,2025-10-15 07:25:00,114.0,4173.72,4173.72,4162.75,4180.3,4226.38,4173.72,4162.75,10.970000000000255,6.795000000000073,0.09,98.7300000000023,38.979999999997744,0.6300000000000001,0.0,38.34999999999774,0.3948141395725396,0.3884331003747275,partial_be,True,1.5487693710117947,0.607110300820392,0.02@4180.30:tp1;0.02@4186.88:tp1;0.02@4173.62:be;0.03@4173.62:be,414.25999999998567,3.556463133068113,2025-10
M5#1003745,M5,1003745,UW,buy,0.574,B,2025-10-15 15:55:00,2025-10-15 18:51:00,2025-10-15 21:06:00,135.0,4181.07,4181.07,4176.28,4183.94,4204.06,4181.07,4176.28,4.789999999999964,5.96714285714305,0.21,100.58999999999925,238.5400000000036,1.4700000000000002,0.0,237.0700000000036,2.3714086887365085,2.3567949100308714,tp2,True,4.810020876826751,0.29645093945721995,0.05@4183.94:tp1;0.05@4186.82:tp1;0.05@4192.57:tp1;0.06@4204.06:tp2,651.3299999999892,5.913258043098985,2025-10
M10#1001945,M10,1001945,OB,buy,0.638,B,2025-10-16 13:50:00,2025-10-16 15:39:00,2025-10-16 19:13:00,214.0,4232.8,4232.8,4223.04,4238.66,4279.65,4232.8,4223.04,9.760000000000218,5.701428571428745,0.1,97.60000000000218,269.3799999999974,0.7000000000000001,0.0,268.6799999999974,2.7600409836064688,2.752868852458928,tp2,True,4.835040983606408,0.5430327868852524,0.02@4238.66:tp1;0.02@4244.51:tp1;0.02@4256.22:tp1;0.04@4279.65:tp2,920.0099999999866,8.666126895557912,2025-10
M5#1003868,M5,1003868,OB,buy,0.708,A,2025-10-16 17:35:00,2025-10-16 17:46:00,2025-10-16 20:36:00,170.0,4255.26,4255.26,4246.63,4260.44,4296.68,4255.26,4246.63,8.63000000000011,7.309999999999945,0.12,103.56000000000131,233.0099999999975,0.84,0.0,232.1699999999975,2.249999999999947,2.2418887601389974,tp2,True,4.820393974507407,0.1575898030128117,0.03@4260.44:tp1;0.03@4265.62:tp1;0.03@4275.97:tp1;0.03@4296.68:tp2,1152.1799999999841,10.90801565569691,2025-10
M5#1003987,M5,1003987,IMB,buy,0.603,B,2025-10-20 12:30:00,2025-10-20 13:08:00,2025-10-20 15:18:00,130.0,4247.39,4247.39,4239.35,4252.21,4285.98,4247.39,4239.35,8.039999999999964,3.987857142856813,0.13,104.51999999999953,255.6699999999928,0.91,0.0,254.7599999999928,2.4461347110600262,2.437428243398335,tp2,True,4.835820895522423,0.231343283582163,0.03@4252.21:tp1;0.03@4257.04:tp1;0.03@4266.69:tp1;0.04@4285.98:tp2,1406.9399999999769,13.345443899095246,2025-10
M10#1002028,M10,1002028,IMB,buy,0.619,B,2025-10-20 12:40:00,2025-10-20 13:08:00,2025-10-20 15:23:00,135.0,4247.39,4247.39,4237.29,4253.45,4295.87,4247.39,4237.29,10.100000000000364,5.559285714285514,0.11,111.100000000004,327.23999999999614,0.77,0.0,326.46999999999616,2.9454545454544045,2.938523852385098,tp2,True,4.840594059405708,0.18415841584163517,0.02@4253.45:tp1;0.02@4259.51:tp1;0.02@4271.63:tp1;0.05@4295.87:tp2,1733.409999999973,16.283967751480343,2025-10
M10#1002063,M10,1002063,OB,sell,0.611,B,2025-10-21 00:00:00,2025-10-21 01:03:00,2025-10-21 01:15:00,12.0,4365.92,4365.92,4377.64,4358.89,4309.66,4377.64,4365.92,11.720000000000255,8.132142857142819,0.1,117.20000000000255,13.259999999996582,0.7000000000000001,0.0,12.559999999996583,0.11313993174058272,0.10716723549484906,partial_be,True,0.61518771331057,0.45221843003413537,0.02@4358.89:tp1;0.02@4366.02:be;0.02@4366.02:be;0.04@4366.02:be,1745.9699999999696,16.391134986975192,2025-10
M5#1004017,M5,1004017,OB,buy,0.65,B,2025-10-21 08:10:00,2025-10-21 10:33:00,2025-10-21 10:36:00,3.0,4314.65,4314.65,4294.83,4326.54,4409.79,4314.65,4294.83,19.81999999999971,3.3650000000002365,0.05,99.09999999999854,-99.60000000000036,0.35000000000000003,0.0,-99.95000000000036,-1.0050454086781213,-1.0085771947527935,sl,False,0.0,1.0277497477295756,0.01@4294.73:sl;0.01@4294.73:sl;0.01@4294.73:sl;0.02@4294.73:sl,1646.0199999999693,15.382557792222398,2025-10
M5#1004197,M5,1004197,IMB,sell,0.574,B,2025-10-22 16:10:00,2025-10-22 16:11:00,2025-10-22 16:36:00,25.0,4066.79,4066.79,4082.94,4057.1,3989.27,4082.94,4066.79,16.15000000000009,13.05142857142859,0.07,113.05000000000062,9.0900000000006,0.48999999999999994,0.0,8.6000000000006,0.08040689960195091,0.07607253427687354,partial_be,True,1.1869969040247657,0.12074303405571561,0.01@4057.10:tp1;0.01@4066.89:be;0.01@4066.89:be;0.04@4066.89:be,1654.6199999999699,15.458630326499271,2025-10
M5#1004254,M5,1004254,OB,sell,0.554,B,2025-10-23 04:20:00,2025-10-23 04:22:00,2025-10-23 04:46:00,24.0,4085.91,4085.91,4095.05,4080.43,4042.04,4095.05,4085.91,9.140000000000327,7.9614285714285415,0.12,109.68000000000393,15.53999999999678,0.84,0.0,14.69999999999678,0.14168490153169425,0.1340262582056551,partial_be,True,0.8435448577679765,0.7943107221006519,0.03@4080.43:tp1;0.03@4086.01:be;0.03@4086.01:be;0.03@4086.01:be,1669.3199999999667,15.592656584704926,2025-10
M5#1004264,M5,1004264,OB,buy,0.555,B,2025-10-23 04:40:00,2025-10-23 04:43:00,2025-10-23 04:59:00,16.0,4084.04,4084.04,4073.26,4090.51,4135.78,4084.04,4073.26,10.779999999999745,7.311428571428548,0.1,107.79999999999745,-108.80000000000109,0.7000000000000001,0.0,-109.5000000000011,-1.0092764378479004,-1.015769944341407,sl,False,0.2857142857142857,1.0287569573284236,0.02@4073.16:sl;0.02@4073.16:sl;0.02@4073.16:sl;0.04@4073.16:sl,1559.8199999999656,14.576886640363519,2025-10
M5#1004183,M5,1004183,IMB,sell,0.65,B,2025-10-23 08:30:00,2025-10-23 09:04:00,2025-10-23 09:10:00,6.0,4119.37,4119.37,4130.84,4112.49,4064.31,4130.84,4119.37,11.470000000000255,4.197857142857174,0.1,114.70000000000255,-115.69999999999709,0.7000000000000001,0.0,-116.39999999999709,-1.0087183958151222,-1.014821272885741,sl,False,0.0,1.1011333914559571,0.02@4130.94:sl;0.02@4130.94:sl;0.02@4130.94:sl;0.04@4130.94:sl,1443.4199999999685,13.562065367477778,2025-10
M5#1004293,M5,1004293,IMB,buy,0.56,B,2025-10-23 12:40:00,2025-10-23 13:30:00,2025-10-23 13:45:00,15.0,4107.07,4107.07,4100.53,4110.99,4138.46,4107.07,4100.53,6.539999999999964,5.117142857142816,0.17,111.17999999999938,46.18000000000666,1.1900000000000002,0.0,44.99000000000666,0.41536247526539766,0.40465911135102456,partial_be,True,1.8990825688073611,0.3608562691131018,0.04@4110.99:tp1;0.04@4114.92:tp1;0.04@4106.97:be;0.05@4106.97:be,1488.409999999975,13.966724478828803,2025-10
M30#1000724,M30,1000724,OB,sell,0.576,B,2025-10-23 02:00:00,2025-10-23 09:14:00,2025-10-23 16:06:00,412.0,4134.94,4134.94,4156.09,4122.25,4033.42,4156.09,4134.94,21.150000000000546,19.4714285714285,0.05,105.75000000000273,37.7699999999977,0.35000000000000003,0.0,37.4199999999977,0.35716312056734495,0.3538534278959502,partial_be,True,2.0241134751772285,0.14373522458632598,0.01@4122.25:tp1;0.01@4109.56:tp1;0.01@4135.04:be;0.02@4135.04:be,1525.8299999999729,14.320577906724754,2025-10
M5#1004416,M5,1004416,IMB,buy,0.678,A,2025-10-24 16:40:00,2025-10-24 16:41:00,2025-10-24 21:01:00,260.0,4105.75,4105.75,4091.18,4114.49,4175.69,4105.75,4091.18,14.570000000000164,12.212857142857112,0.07,101.99000000000113,25.719999999997526,0.48999999999999994,0.0,25.229999999997528,0.2521815864300151,0.2473771938425066,partial_be,True,2.2676733013040216,0.547700754975942,0.01@4114.49:tp1;0.01@4123.23:tp1;0.01@4105.65:be;0.04@4105.65:be,1551.0599999999704,14.56795510056726,2025-10
M5#1004450,M5,1004450,UW,buy,0.593,B,2025-10-27 00:40:00,2025-10-27 00:44:00,2025-10-27 00:47:00,3.0,4083.55,4083.55,4073.82,4089.39,4130.25,4083.55,4073.82,9.730000000000018,10.697857142857206,0.11,107.0300000000002,-108.1300000000042,0.77,0.0,-108.9000000000042,-1.0102774922919182,-1.0174717368962347,sl,False,0.05858170606369043,1.2004110996917028,0.02@4073.72:sl;0.02@4073.72:sl;0.02@4073.72:sl;0.05@4073.72:sl,1442.1599999999662,13.550483363671026,2025-10
M30#1000793,M30,1000793,UW,buy,0.578,B,2025-10-28 21:30:00,2025-10-29 00:07:00,2025-10-29 00:20:00,13.0,3932.99,3932.99,3914.85,3943.87,4020.06,3932.99,3914.85,18.139999999999873,14.719999999999962,0.06,108.83999999999925,10.380000000000564,0.42000000000000004,0.0,9.960000000000564,0.09536934950386472,0.09151047409041375,partial_be,True,0.7337375964719125,0.9184123484013215,0.01@3943.87:tp1;0.01@3932.89:be;0.01@3932.89:be;0.03@3932.89:be,1452.1199999999667,13.64199383776144,2025-10
M5#1004653,M5,1004653,OB,buy,0.601,B,2025-10-29 17:35:00,2025-10-29 17:47:00,2025-10-29 17:51:00,4.0,3996.9,3996.9,3991.28,4000.27,4023.88,3996.9,3991.28,5.619999999999891,5.162857142857092,0.2,112.39999999999782,-114.4000000000051,1.4000000000000001,0.0,-115.8000000000051,-1.017793594306115,-1.0302491103203502,sl,False,0.24733096085407466,1.3380782918149694,0.05@3991.18:sl;0.05@3991.18:sl;0.05@3991.18:sl;0.05@3991.18:sl,1336.3199999999615,12.61174472744109,2025-10
M5#1004729,M5,1004729,IMB,buy,0.675,A,2025-10-30 12:00:00,2025-10-30 12:21:00,2025-10-30 12:35:00,14.0,3988.97,3988.97,3976.78,3996.28,4047.48,3988.97,3976.78,12.1899999999996,7.510714285714324,0.09,109.70999999999643,-110.60999999999967,0.6300000000000001,0.0,-111.23999999999967,-1.0082034454471176,-1.0139458572600792,sl,False,0.1452009844134569,1.2534864643150325,0.02@3976.68:sl;0.02@3976.68:sl;0.02@3976.68:sl;0.03@3976.68:sl,1225.0799999999617,11.59779887018101,2025-10
M5#1004792,M5,1004792,UW,sell,0.585,B,2025-10-31 01:45:00,2025-10-31 01:48:00,2025-10-31 03:11:00,83.0,4038.67,4038.67,4046.34,4034.07,4001.85,4046.34,4038.67,7.670000000000073,6.6635714285714585,0.14,107.38000000000103,96.13000000000056,0.9800000000000001,0.0,95.15000000000056,0.8952318867573071,0.8861054200037218,partial_be,True,2.4667535853976394,0.6166883963494099,0.03@4034.07:tp1;0.03@4029.47:tp1;0.03@4020.26:tp1;0.05@4038.77:be,1320.2299999999623,12.483904290184732,2025-10
M5#1004861,M5,1004861,IMB,sell,0.584,B,2025-10-31 18:40:00,2025-10-31 19:43:00,2025-10-31 20:12:00,29.0,3999.0,3999.0,4005.08,3995.35,3969.82,4005.08,3999.0,6.079999999999927,8.404285714285672,0.18,109.43999999999872,-111.23999999999705,1.2600000000000002,0.0,-112.49999999999706,-1.0164473684210376,-1.0279605263157747,sl,False,0.5657894736842263,1.0657894736842262,0.04@4005.18:sl;0.04@4005.18:sl;0.04@4005.18:sl;0.06@4005.18:sl,1207.7299999999652,11.455943763868957,2025-10
M10#1002423,M10,1002423,IMB,sell,0.655,A,2025-10-31 18:50:00,2025-10-31 19:43:00,2025-10-31 21:27:00,104.0,3999.0,3999.0,4011.59,3991.45,3938.57,4011.59,3999.0,12.590000000000146,10.57928571428569,0.08,100.72000000000116,14.50000000000091,0.56,0.0,13.940000000000909,0.1439634630659327,0.13840349483717979,partial_be,True,0.6012708498808639,0.9023034154090545,0.02@3991.45:tp1;0.02@3999.10:be;0.02@3999.10:be;0.02@3999.10:be,1221.6699999999662,11.594347258706136,2025-10
M5#2002838,M5,2002838,IMB,sell,0.576,B,2025-11-03 13:40:00,2025-11-03 13:48:00,2025-11-03 14:33:00,45.0,4007.93,4007.93,4014.36,4004.07,3977.07,4014.36,4007.93,6.430000000000291,3.851428571428674,0.17,109.31000000000495,14.139999999993961,1.1900000000000002,0.0,12.949999999993961,0.12935687494276207,0.11847040526935665,partial_be,True,0.9144634525660013,0.25816485225509084,0.04@4004.07:tp1;0.04@4008.03:be;0.04@4008.03:be;0.05@4008.03:be,1234.61999999996,11.712817663975493,2025-11
M5#2002801,M5,2002801,IMB,buy,0.621,B,2025-11-04 01:20:00,2025-11-04 02:41:00,2025-11-04 03:26:00,45.0,3982.37,3982.37,3974.11,3987.33,4022.02,3982.37,3974.11,8.259999999999764,3.8185714285713988,0.13,107.37999999999693,43.91000000000167,0.91,0.0,43.00000000000168,0.40892158688771585,0.4004470106165292,partial_be,True,1.4648910411622584,0.4539951573850009,0.03@3987.33:tp1;0.03@3992.28:tp1;0.03@3982.27:be;0.04@3982.27:be,1277.6199999999617,12.113264674592022,2025-11
M5#2003062,M5,2003062,IMB,sell,0.604,B,2025-11-06 01:25:00,2025-11-06 01:32:00,2025-11-06 01:51:00,19.0,3972.4,3972.4,3977.96,3969.06,3945.71,3977.96,3972.4,5.559999999999945,2.8735714285714624,0.2,111.19999999999891,-113.1999999999971,1.4000000000000001,0.0,-114.59999999999711,-1.0179856115107753,-1.0305755395683294,sl,False,0.023381294964048636,1.0,0.05@3978.06:sl;0.05@3978.06:sl;0.05@3978.06:sl;0.05@3978.06:sl,1163.0199999999645,11.082689135023692,2025-11
M30#2000493,M30,2000493,IMB,buy,0.608,B,2025-11-06 13:30:00,2025-11-06 14:53:00,2025-11-06 16:18:00,85.0,4003.8,4003.8,3992.83,4010.38,4056.46,4003.8,3992.83,10.970000000000255,6.822857142857141,0.1,109.70000000000255,12.359999999996944,0.7000000000000001,0.0,11.659999999996945,0.11267092069276807,0.10628988149495601,partial_be,True,1.1431175934366156,0.18869644484960033,0.02@4010.38:tp1;0.02@4003.70:be;0.02@4003.70:be;0.04@4003.70:be,1174.6799999999614,11.188979016518648,2025-11
M5#2003282,M5,2003282,IMB,buy,0.759,A,2025-11-10 03:50:00,2025-11-10 03:54:00,2025-11-10 11:37:00,463.0,4043.83,4043.83,4035.09,4049.07,4085.78,4043.83,4035.09,8.739999999999782,5.8321428571428635,0.12,104.87999999999738,235.9800000000023,0.84,0.0,235.1400000000023,2.250000000000078,2.241990846682,tp2,True,4.846681922196932,0.6990846681922517,0.03@4049.07:tp1;0.03@4054.32:tp1;0.03@4064.81:tp1;0.03@4085.78:tp2,1409.8199999999638,13.430969863200648,2025-11
M10#2001779,M10,2001779,OB,buy,0.615,B,2025-11-13 14:40:00,2025-11-13 15:04:00,2025-11-13 15:19:00,15.0,4229.62,4229.67,4223.11,4233.61,4261.16,4229.67,4223.11,6.5600000000004,6.535000000000049,0.17,111.5200000000068,15.309999999996762,1.1900000000000002,0.0,14.119999999996763,0.1372847919655293,0.1266140602582129,partial_be,True,0.8628048780487056,0.5731707317073154,0.04@4233.61:tp1;0.04@4229.57:be;0.04@4229.57:be;0.05@4229.57:be,1423.9399999999605,13.55758392345886,2025-11
M30#2000550,M30,2000550,IMB,buy,0.68,A,2025-11-13 04:00:00,2025-11-13 20:32:00,2025-11-14 09:21:00,769.0,4166.2,4166.2,4140.04,4181.9,4291.77,4166.2,4140.04,26.159999999999854,12.348571428571372,0.04,104.63999999999942,46.89000000000124,0.28,-2.0,44.610000000001236,0.44810779816515195,0.4263188073394637,partial_be,True,1.725917431192691,0.8019877675840856,0.01@4181.90:tp1;0.01@4197.59:tp1;0.01@4166.10:be;0.01@4166.10:be,1468.5499999999618,13.983902730798324,2025-11
M15#2001202,M15,2001202,IMB,buy,0.644,B,2025-11-13 15:45:00,2025-11-13 20:35:00,2025-11-14 09:25:00,770.0,4159.4,4159.4,4140.04,4171.02,4252.33,4159.4,4140.04,19.359999999999673,9.377142857142903,0.05,96.79999999999836,81.1100000000024,0.35000000000000003,-2.0,78.7600000000024,0.8379132231405348,0.8136363636364022,partial_be,True,2.6833677685951245,0.732438016528906,0.01@4171.02:tp1;0.01@4182.63:tp1;0.01@4205.86:tp1;0.02@4159.30:be,1547.3099999999642,14.797539094434725,2025-11
M10#2001738,M10,2001738,IMB,buy,0.624,B,2025-11-13 16:10:00,2025-11-13 20:35:00,2025-11-14 09:25:00,770.0,4160.26,4160.26,4144.58,4169.67,4235.52,4160.26,4144.58,15.680000000000291,8.992857142857117,0.07,109.76000000000202,65.45999999999822,0.48999999999999994,-2.5,62.46999999999822,0.5963921282798561,0.5691508746355418,partial_be,True,3.2582908163264794,0.9591836734693676,0.01@4169.67:tp1;0.01@4179.08:tp1;0.01@4197.89:tp1;0.04@4160.16:be,1609.7799999999625,15.366689969070267,2025-11
M5#2003640,M5,2003640,IMB,sell,0.62,B,2025-11-14 17:05:00,2025-11-14 17:48:00,2025-11-14 17:58:00,10.0,4091.95,4091.95,4105.49,4083.83,4026.96,4105.49,4091.95,13.539999999999964,12.76642857142854,0.08,108.31999999999971,15.639999999997599,0.56,0.0,15.079999999997598,0.14438700147708308,0.13921713441652178,partial_be,True,0.7259970457902477,0.3530280649926638,0.02@4083.83:tp1;0.02@4092.05:be;0.02@4092.05:be;0.02@4092.05:be,1624.85999999996,15.505907103486788,2025-11
H1#2000311,H1,2000311,UW,buy,0.607,B,2025-11-17 07:00:00,2025-11-17 07:32:00,2025-11-17 18:05:00,633.0,4055.82,4055.82,4031.94,4070.15,4170.44,4055.82,4031.94,23.88000000000011,21.553571428571463,0.04,95.52000000000044,42.78999999999906,0.28,0.0,42.50999999999906,0.44796901172528125,0.4450376884421992,partial_be,True,1.6859296482411885,0.25000000000000955,0.01@4070.15:tp1;0.01@4084.48:tp1;0.01@4055.72:be;0.01@4055.72:be,1667.3699999999592,15.950944791928986,2025-11
M5#2003779,M5,2003779,OB,sell,0.575,B,2025-11-18 10:20:00,2025-11-18 10:32:00,2025-11-18 10:33:00,1.0,4028.67,4028.67,4035.11,4024.81,3997.76,4035.11,4028.67,6.440000000000055,6.0457142857142765,0.18,115.92000000000101,-117.71999999999935,1.2600000000000002,0.0,-118.97999999999935,-1.0155279503105445,-1.0263975155279357,sl,False,0.0,1.0605590062111598,0.04@4035.21:sl;0.04@4035.21:sl;0.04@4035.21:sl;0.06@4035.21:sl,1548.3899999999599,14.92454727640105,2025-11
M5#2003873,M5,2003873,IMB,buy,0.571,B,2025-11-19 08:30:00,2025-11-19 09:08:00,2025-11-19 09:59:00,51.0,4086.68,4086.68,4079.5,4090.99,4121.14,4086.68,4079.5,7.179999999999836,4.872857142857193,0.16,114.87999999999738,50.92000000000189,1.12,0.0,49.800000000001894,0.443245125348216,0.43349582172704587,partial_be,True,1.420612813370544,0.22423398328686758,0.04@4090.99:tp1;0.04@4095.30:tp1;0.04@4086.58:be;0.04@4086.58:be,1598.1899999999619,15.358043098128096,2025-11
M10#2001945,M10,2001945,IMB,buy,0.623,B,2025-11-19 13:20:00,2025-11-19 15:14:00,2025-11-19 16:30:00,76.0,4102.03,4102.03,4091.5,4108.35,4152.57,4102.03,4091.5,10.529999999999745,7.230000000000051,0.11,115.8299999999972,37.22000000000571,0.77,0.0,36.45000000000571,0.32133298799971177,0.3146853146853716,partial_be,True,1.5963912630580064,0.10826210826205561,0.02@4108.35:tp1;0.02@4114.67:tp1;0.02@4101.93:be;0.05@4101.93:be,1634.6399999999676,15.672728412813468,2025-11
M5#2003889,M5,2003889,IMB,buy,0.595,B,2025-11-19 15:25:00,2025-11-19 17:53:00,2025-11-19 17:53:00,0.0,4098.15,4098.15,4091.5,4102.14,4130.07,4098.15,4091.5,6.649999999999636,4.689285714285559,0.17,113.04999999999382,-114.74999999999227,1.1900000000000002,0.0,-115.93999999999227,-1.0150375939849496,-1.0255639097744238,sl,False,0.0,1.20300751879699,0.04@4091.40:sl;0.04@4091.40:sl;0.04@4091.40:sl;0.05@4091.40:sl,1518.6999999999753,14.647164503039043,2025-11
M30#2000619,M30,2000619,UW,buy,0.557,B,2025-11-19 19:00:00,2025-11-20 04:18:00,2025-11-20 10:03:00,345.0,4053.3,4053.3,4040.76,4060.82,4113.49,4053.3,4040.76,12.539999999999964,14.510714285714196,0.09,112.8599999999997,105.03999999999814,0.6300000000000001,0.0,104.40999999999815,0.9307106149211273,0.9251284777600428,partial_be,True,2.5709728867623505,0.8827751196172405,0.02@4060.82:tp1;0.02@4068.35:tp1;0.02@4083.40:tp1;0.03@4053.20:be,1623.1099999999733,15.572292980799086,2025-11
M5#2003959,M5,2003959,UW,buy,0.645,B,2025-11-20 09:55:00,2025-11-20 10:04:00,2025-11-20 10:12:00,8.0,4051.21,4051.21,4043.35,4055.93,4088.94,4051.21,4043.35,7.860000000000127,5.2392857142857405,0.15,117.90000000000191,-119.40000000000055,1.05,0.0,-120.45000000000054,-1.0127226463104209,-1.0216284987277233,sl,False,0.5559796437658804,1.0445292620865017,0.03@4043.25:sl;0.03@4043.25:sl;0.03@4043.25:sl;0.06@4043.25:sl,1502.6599999999728,14.550664482071362,2025-11
M30#2000632,M30,2000632,OB,sell,0.582,B,2025-11-20 01:30:00,2025-11-20 01:52:00,2025-11-20 16:50:00,898.0,4106.67,4106.67,4127.59,4094.12,4006.25,4127.59,4106.67,20.920000000000073,14.956428571428464,0.05,104.60000000000036,87.6599999999994,0.35000000000000003,0.0,87.3099999999994,0.838049713193108,0.8347036328871807,partial_be,True,3.2437858508604154,0.1993307839388173,0.01@4094.12:tp1;0.01@4081.57:tp1;0.01@4056.46:tp1;0.02@4106.77:be,1589.9699999999723,15.385368114958542,2025-11
M5#2003991,M5,2003991,OB,buy,0.59,B,2025-11-20 10:50:00,2025-11-20 18:58:00,2025-11-20 19:35:00,37.0,4050.28,4050.28,4042.76,4054.79,4086.38,4050.28,4042.76,7.519999999999982,7.183571428571505,0.15,112.79999999999973,39.68999999999596,1.05,0.0,38.639999999995965,0.35186170212762463,0.3425531914893268,partial_be,True,1.4574468085105863,0.8803191489362183,0.03@4054.79:tp1;0.03@4059.30:tp1;0.03@4050.18:be;0.06@4050.18:be,1628.6099999999683,15.727921306447868,2025-11
M10#2002024,M10,2002024,IMB,buy,0.604,B,2025-11-21 01:20:00,2025-11-21 02:23:00,2025-11-21 02:53:00,30.0,4072.57,4072.57,4064.14,4077.63,4113.03,4072.57,4064.14,8.430000000000291,5.118571428571419,0.13,109.59000000000378,14.179999999996197,0.91,0.0,13.269999999996196,0.12939136782549235,0.12108769048266939,partial_be,True,0.8683274021351668,0.11506524317914842,0.03@4077.63:tp1;0.03@4072.47:be;0.03@4072.47:be;0.04@4072.47:be,1641.8799999999644,15.849008996930538,2025-11
M5#2004088,M5,2004088,IMB,buy,0.584,B,2025-11-21 15:10:00,2025-11-21 17:41:00,2025-11-21 17:43:00,2.0,4055.53,4055.53,4050.02,4058.84,4081.98,4055.53,4050.02,5.510000000000218,7.525714285714263,0.21,115.7100000000046,14.949999999993906,1.4700000000000002,0.0,13.479999999993906,0.12920231613510771,0.11649814190643307,partial_be,True,0.8439201451904632,0.050816696914734845,0.05@4058.84:tp1;0.05@4055.43:be;0.05@4055.43:be;0.06@4055.43:be,1655.3599999999583,15.965507138836971,2025-11
M5#2004103,M5,2004103,UW,buy,0.584,B,2025-11-21 18:15:00,2025-11-21 22:33:00,2025-11-21 22:35:00,2.0,4061.33,4061.33,4055.25,4064.98,4090.51,4061.33,4055.25,6.079999999999927,6.169999999999975,0.19,115.51999999999862,13.10000000000173,1.33,0.0,11.77000000000173,0.11340027700832658,0.1018871191135896,partial_be,True,0.6101973684210659,0.2878289473684245,0.04@4064.98:tp1;0.04@4061.23:be;0.04@4061.23:be;0.07@4061.23:be,1667.12999999996,16.06739425795056,2025-11
M5#2004237,M5,2004237,OB,sell,0.586,B,2025-11-25 12:00:00,2025-11-25 15:20:00,2025-11-25 15:30:00,10.0,4146.09,4146.09,4151.38,4142.92,4120.7,4151.38,4146.09,5.289999999999964,5.332142857143026,0.22,116.37999999999921,46.40000000000873,1.5400000000000003,0.0,44.86000000000873,0.398693933665656,0.38546141948796214,partial_be,True,1.4896030245747,0.5141776937618664,0.05@4142.92:tp1;0.05@4139.74:tp1;0.05@4146.19:be;0.07@4146.19:be,1711.9899999999689,16.452855677438524,2025-11
M15#2001476,M15,2001476,IMB,buy,0.673,A,2025-11-24 22:00:00,2025-11-25 10:54:00,2025-11-28 02:34:00,3820.0,4110.24,4110.24,4095.71,4118.96,4179.98,4110.24,4095.71,14.529999999999745,7.654999999999908,0.08,116.23999999999796,261.5400000000009,0.56,-5.0,255.98000000000087,2.250000000000047,2.2021679284239966,tp2,True,4.90158293186521,0.03578802477629292,0.02@4118.96:tp1;0.02@4127.68:tp1;0.02@4145.11:tp1;0.02@4179.98:tp2,1967.9699999999698,18.65502360586252,2025-11
M10#2002119,M10,2002119,IMB,buy,0.618,B,2025-11-25 08:20:00,2025-11-25 10:54:00,2025-11-28 02:34:00,3820.0,4110.24,4110.24,4095.71,4118.96,4179.98,4110.24,4095.71,14.529999999999745,4.977857142856984,0.08,116.23999999999796,261.5400000000009,0.56,-5.0,255.98000000000087,2.250000000000047,2.2021679284239966,tp2,True,4.90158293186521,0.03578802477629292,0.02@4118.96:tp1;0.02@4127.68:tp1;0.02@4145.11:tp1;0.02@4179.98:tp2,2223.9499999999707,20.857191534286518,2025-11
M10#2002278,M10,2002278,IMB,buy,0.601,B,2025-11-28 06:40:00,2025-11-28 07:09:00,2025-11-28 07:24:00,15.0,4176.63,4176.63,4171.88,4179.48,4199.43,4176.63,4171.88,4.75,4.24714285714286,0.25,118.75,118.9999999999909,1.75,0.0,117.2499999999909,1.0021052631578182,0.987368421052555,partial_be,True,2.4210526315789473,4.103157894736796,0.06@4179.48:tp1;0.06@4182.33:tp1;0.06@4188.03:tp1;0.07@4176.53:be,2341.1999999999616,21.844559955339072,2025-11
M5#2004477,M5,2004477,IMB,buy,0.632,B,2025-11-28 13:25:00,2025-11-28 14:00:00,2025-11-28 15:25:00,85.0,4168.39,4168.39,4163.17,4171.52,4193.45,4168.39,4163.17,5.220000000000255,4.487142857142771,0.23,120.06000000000586,45.64999999999237,1.6099999999999999,0.0,44.03999999999237,0.38022655338988953,0.36681659170406644,partial_be,True,1.8716475095783622,0.18582375478931176,0.05@4171.52:tp1;0.05@4174.65:tp1;0.05@4168.29:be;0.08@4168.29:be,2385.239999999954,22.211376547043137,2025-11
M5#2004499,M5,2004499,UW,sell,0.601,B,2025-11-28 17:00:00,2025-11-28 17:57:00,2025-11-28 18:16:00,19.0,4202.44,4202.44,4208.34,4198.9,4174.12,4208.34,4202.44,5.900000000000546,5.524999999999831,0.2,118.00000000001091,16.19999999999436,1.4000000000000001,0.0,14.79999999999436,0.13728813559315986,0.12542372881349992,partial_be,True,0.6762711864405784,0.5644067796609524,0.05@4198.90:tp1;0.05@4202.54:be;0.05@4202.54:be;0.05@4202.54:be,2400.039999999948,22.33680027585664,2025-11
M30#3000467,M30,3000467,UW,buy,0.551,B,2025-12-01 06:00:00,2025-12-01 07:13:00,2025-12-01 07:22:00,9.0,4230.81,4230.81,4219.76,4237.44,4283.85,4230.81,4219.76,11.050000000000182,11.750714285714237,0.11,121.550000000002,-122.650000000006,0.77,0.0,-123.420000000006,-1.009049773755689,-1.015384615384648,sl,False,0.2470588235293682,1.0923076923077304,0.02@4219.66:sl;0.02@4219.66:sl;0.02@4219.66:sl;0.05@4219.66:sl,2276.619999999942,21.32141566047199,2025-12
M5#3002654,M5,3002654,IMB,sell,0.613,B,2025-12-01 08:10:00,2025-12-01 08:10:00,2025-12-01 08:30:00,20.0,4233.54,4233.54,4239.53,4229.95,4204.79,4239.53,4233.54,5.989999999999782,6.385000000000024,0.2,119.79999999999563,16.44999999999527,1.4000000000000001,0.0,15.04999999999527,0.1373121869782627,0.12562604340564124,partial_be,True,1.1986644407346498,0.1385642737896423,0.05@4229.95:tp1;0.05@4233.64:be;0.05@4233.64:be;0.05@4233.64:be,2291.6699999999373,21.447041703877634,2025-12
M10#2002363,M10,2002363,UW,buy,0.6,B,2025-12-01 22:40:00,2025-12-01 22:57:00,2025-12-01 23:35:00,38.0,4235.14,4235.14,4229.37,4238.6,4262.84,4235.14,4229.37,5.770000000000437,5.552857142857127,0.21,121.17000000000918,15.699999999994361,1.4700000000000002,0.0,14.22999999999436,0.12957002558383404,0.11743830981260446,partial_be,True,0.9341421143845772,0.14038128249572598,0.05@4238.60:tp1;0.05@4235.04:be;0.05@4235.04:be;0.06@4235.04:be,2305.899999999932,21.56448001369024,2025-12
M5#3002608,M5,3002608,IMB,buy,0.614,B,2025-12-02 11:00:00,2025-12-02 11:36:00,2025-12-02 13:58:00,142.0,4182.15,4182.15,4177.24,4185.1,4205.72,4182.15,4177.24,4.9099999999998545,3.610714285714234,0.25,122.74999999999636,290.5100000000102,1.75,0.0,288.7600000000102,2.3666802443993387,2.3524236252547355,tp2,True,4.828920570264916,0.18533604887981292,0.06@4185.40:tp1;0.06@4188.04:tp1;0.06@4193.93:tp1;0.07@4205.72:tp2,2594.659999999942,23.916903638944977,2025-12
M30#3000487,M30,3000487,OB,sell,0.555,B,2025-12-02 22:30:00,2025-12-02 22:34:00,2025-12-03 04:34:00,360.0,4203.75,4203.75,4227.55,4189.47,4089.51,4227.55,4203.75,23.800000000000182,12.98642857142873,0.05,119.00000000000091,-119.49999999999818,0.35000000000000003,2.25,-117.59999999999818,-1.004201680672246,-0.9882352941176241,sl,False,0.03487394957982861,1.0310924369747805,0.01@4227.65:sl;0.01@4227.65:sl;0.01@4227.65:sl;0.02@4227.65:sl,2477.059999999944,22.92866834482735,2025-12
M5#3002861,M5,3002861,UW,buy,0.57,B,2025-12-03 18:30:00,2025-12-03 18:53:00,2025-12-03 18:54:00,1.0,4212.35,4212.35,4206.26,4216.0,4241.58,4212.35,4206.26,6.0900000000001455,5.338571428571413,0.2,121.80000000000291,-123.80000000001019,1.4000000000000001,0.0,-125.20000000001019,-1.0164203612480067,-1.0279146141215698,sl,False,0.0,1.0032840722496612,0.05@4206.16:sl;0.05@4206.16:sl;0.05@4206.16:sl;0.05@4206.16:sl,2351.8599999999337,21.90075373070578,2025-12
M10#3001374,M10,3001374,OB,sell,0.645,B,2025-12-05 14:10:00,2025-12-05 17:32:00,2025-12-05 18:14:00,42.0,4250.88,4250.88,4259.94,4245.44,4207.39,4259.94,4250.88,9.05999999999949,3.2057142857143583,0.13,117.77999999999338,288.1099999999997,0.91,0.0,287.19999999999965,2.446170826965664,2.43844455764999,tp2,True,5.215231788079763,0.9646799116999097,0.03@4245.44:tp1;0.03@4240.01:tp1;0.03@4229.14:tp1;0.04@4207.39:tp2,2639.0599999999336,24.33919828835577,2025-12
M10#3001575,M10,3001575,UW,sell,0.619,B,2025-12-09 05:50:00,2025-12-09 11:05:00,2025-12-09 11:19:00,14.0,4201.82,4201.82,4210.7,4196.49,4159.2,4210.7,4201.82,8.88000000000011,3.368571428571223,0.14,124.32000000000154,-125.72000000000662,0.9800000000000001,0.0,-126.70000000000663,-1.011261261261302,-1.0191441441441849,sl,False,0.2207207207207221,1.0326576576576532,0.03@4210.80:sl;0.03@4210.80:sl;0.03@4210.80:sl;0.05@4210.80:sl,2512.359999999927,23.320054144211586,2025-12
M5#3003084,M5,3003084,UW,sell,0.685,A,2025-12-09 09:55:00,2025-12-09 11:05:00,2025-12-09 11:19:00,14.0,4201.8,4201.8,4210.7,4196.46,4159.08,4210.7,4201.8,8.899999999999636,2.737857142857268,0.14,124.59999999999492,-126.0,0.9800000000000001,0.0,-126.98,-1.011235955056221,-1.0191011235955472,sl,False,0.21797752808995377,1.0325842696629186,0.03@4210.80:sl;0.03@4210.80:sl;0.03@4210.80:sl;0.05@4210.80:sl,2385.379999999927,22.30095302061604,2025-12
M30#3000566,M30,3000566,IMB,buy,0.571,B,2025-12-09 14:00:00,2025-12-09 14:18:00,2025-12-09 15:26:00,68.0,4200.72,4200.72,4191.9,4206.01,4243.06,4200.72,4191.9,8.820000000000618,7.696428571428636,0.14,123.48000000000867,14.769999999995887,0.9800000000000001,0.0,13.789999999995887,0.11961451247161362,0.11167800453510623,partial_be,True,0.82199546485255,0.23922902494335987,0.03@4206.01:tp1;0.03@4200.62:be;0.03@4200.62:be;0.05@4200.62:be,2399.1699999999228,22.412631025151146,2025-12
M30#3000540,M30,3000540,OB,sell,0.652,A,2025-12-09 19:30:00,2025-12-10 22:12:00,2025-12-11 01:50:00,218.0,4231.94,4231.94,4248.55,4221.97,4152.21,4248.55,4231.94,16.610000000000582,9.992857142857117,0.07,116.27000000000406,9.369999999997162,0.48999999999999994,0.8999999999999999,9.779999999997163,0.08058828588627191,0.08411456093572564,partial_be,True,0.6219145093317017,0.42022877784468565,0.01@4221.97:tp1;0.01@4232.04:be;0.01@4232.04:be;0.04@4232.04:be,2408.94999999992,22.49674558608687,2025-12
M15#3001083,M15,3001083,OB,sell,0.607,B,2025-12-10 22:45:00,2025-12-11 02:12:00,2025-12-11 16:37:00,865.0,4239.92,4239.78,4253.75,4231.4,4172.72,4253.75,4239.78,13.970000000000255,13.126428571428473,0.08,111.76000000000204,118.26000000000022,0.56,0.0,117.70000000000022,1.058160343593397,1.0531496062991954,partial_be,True,2.518969219756547,0.5705082319254975,0.02@4231.40:tp1;0.02@4223.02:tp1;0.02@4206.25:tp1;0.02@4239.88:be,2526.64999999992,23.549895192386067,2025-12
M10#3001721,M10,3001721,IMB,buy,0.662,A,2025-12-11 19:50:00,2025-12-11 20:58:00,2025-12-11 22:07:00,69.0,4270.98,4270.98,4261.04,4276.94,4318.69,4270.98,4261.04,9.9399999999996,8.33071428571436,0.12,119.2799999999952,16.98000000000502,0.84,0.0,16.14000000000502,0.14235412474853876,0.13531187122741173,partial_be,True,0.6569416498994887,0.7957746478873413,0.03@4276.94:tp1;0.03@4270.88:be;0.03@4270.88:be;0.03@4270.88:be,2542.789999999925,23.68520706361348,2025-12
M15#3001209,M15,3001209,IMB,buy,0.657,A,2025-12-11 20:00:00,2025-12-11 20:57:00,2025-12-12 02:53:00,356.0,4272.13,4272.13,4262.94,4277.64,4316.24,4272.13,4262.94,9.19000000000051,10.462857142857242,0.13,119.47000000000662,48.919999999997344,0.91,-3.5000000000000004,44.50999999999735,0.4094751820540272,0.3725621494935539,partial_be,True,1.2633297062022883,0.9858541893362239,0.03@4277.64:tp1;0.03@4283.16:tp1;0.03@4272.03:be;0.04@4272.03:be,2587.2999999999224,24.057769213107033,2025-12
M15#3001180,M15,3001180,OB,buy,0.738,A,2025-12-11 05:00:00,2025-12-11 05:12:00,2025-12-12 12:59:00,1907.0,4212.15,4212.15,4187.41,4226.99,4330.9,4212.15,4187.41,24.73999999999978,6.952142857142787,0.05,123.69999999999891,341.41000000000076,0.35000000000000003,-1.0,340.06000000000074,2.7599838318512835,2.7490703314470797,tp2,True,4.8007275666936735,0.3108326596604554,0.01@4226.99:tp1;0.01@4241.84:tp1;0.01@4271.53:tp1;0.02@4330.90:tp2,2927.3599999999233,26.806839544554112,2025-12
M10#3001760,M10,3001760,IMB,sell,0.616,B,2025-12-15 04:20:00,2025-12-15 04:31:00,2025-12-15 05:32:00,61.0,4327.99,4327.99,4340.97,4320.2,4265.69,4340.97,4327.99,12.980000000000473,5.262857142857229,0.09,116.82000000000428,14.87999999999738,0.6300000000000001,0.0,14.24999999999738,0.1273754494093206,0.12198253723674762,partial_be,True,0.6502311248073415,0.15716486902933735,0.02@4320.20:tp1;0.02@4328.09:be;0.02@4328.09:be;0.03@4328.09:be,2941.6099999999205,26.92882208179086,2025-12
M5#3003401,M5,3003401,IMB,sell,0.674,A,2025-12-15 04:15:00,2025-12-15 04:31:00,2025-12-15 07:56:00,205.0,4327.99,4327.99,4343.29,4318.81,4254.55,4343.29,4327.99,15.300000000000182,4.272857142857057,0.08,122.40000000000146,-123.20000000000437,0.56,0.0,-123.76000000000437,-1.006535947712442,-1.0111111111111348,sl,False,0.5516339869280719,1.0078431372548948,0.02@4343.39:sl;0.02@4343.39:sl;0.02@4343.39:sl;0.02@4343.39:sl,2817.8499999999162,25.917710970679725,2025-12
M5#3003457,M5,3003457,IMB,buy,0.653,A,2025-12-15 08:15:00,2025-12-15 09:39:00,2025-12-15 13:07:00,208.0,4335.7,4335.7,4331.01,4338.51,4358.21,4335.7,4331.01,4.6899999999996,3.547857142857083,0.27,126.6299999999892,117.30000000000928,1.8900000000000001,0.0,115.41000000000928,0.9263207770671981,0.9113954039328683,partial_be,True,3.108742004264642,0.47547974413640803,0.06@4338.51:tp1;0.06@4341.33:tp1;0.06@4346.96:tp1;0.09@4335.60:be,2933.2599999999256,26.829106374612593,2025-12
M10#3001798,M10,3001798,IMB,buy,0.604,B,2025-12-15 09:20:00,2025-12-15 09:39:00,2025-12-15 13:07:00,208.0,4336.06,4336.06,4331.01,4339.09,4360.3,4336.06,4331.01,5.050000000000182,4.477857142857049,0.25,126.25000000000455,126.55999999999221,1.75,0.0,124.80999999999221,1.0024554455444568,0.9885940594058433,partial_be,True,2.8158415841581848,0.5128712871287232,0.06@4339.09:tp1;0.06@4342.12:tp1;0.06@4348.18:tp1;0.07@4335.96:be,3058.069999999918,27.817700434018438,2025-12
M5#3003497,M5,3003497,OB,sell,0.584,B,2025-12-16 15:05:00,2025-12-16 16:03:00,2025-12-16 16:18:00,15.0,4318.77,4318.77,4325.74,4314.59,4285.31,4325.74,4318.77,6.969999999999345,3.427857142857062,0.18,125.45999999998824,-127.25999999999475,1.2600000000000002,0.0,-128.51999999999475,-1.0143472022956055,-1.0243902439024932,sl,False,0.5337159253946347,1.0832137733143317,0.04@4325.84:sl;0.04@4325.84:sl;0.04@4325.84:sl;0.06@4325.84:sl,2929.549999999923,26.793310190115946,2025-12
M30#3000646,M30,3000646,IMB,buy,0.556,B,2025-12-16 18:00:00,2025-12-16 18:15:00,2025-12-16 18:32:00,17.0,4311.46,4311.46,4302.08,4317.09,4356.48,4311.46,4302.08,9.38000000000011,10.47000000000006,0.13,121.94000000000142,-123.24000000000615,0.91,0.0,-124.15000000000614,-1.0106609808102731,-1.0181236673774372,sl,False,0.15565031982942637,1.1823027718550123,0.03@4301.98:sl;0.03@4301.98:sl;0.03@4301.98:sl;0.04@4301.98:sl,2805.399999999917,25.775186522738508,2025-12
M10#3001946,M10,3001946,IMB,buy,0.659,A,2025-12-18 16:20:00,2025-12-18 16:29:00,2025-12-18 16:35:00,6.0,4332.87,4332.87,4323.71,4338.37,4376.84,4332.87,4323.71,9.159999999999854,6.310714285714247,0.13,119.07999999999811,15.500000000005453,0.91,0.0,14.590000000005453,0.13016459523014529,0.12252267383276524,partial_be,True,0.8897379912664493,0.28056768558949235,0.03@4338.37:tp1;0.03@4332.77:be;0.03@4332.77:be;0.04@4332.77:be,2819.9899999999225,25.897709196571274,2025-12
M30#3000685,M30,3000685,IMB,sell,0.597,B,2025-12-18 23:30:00,2025-12-19 17:06:00,2025-12-19 19:55:00,169.0,4341.91,4341.91,4356.33,4333.26,4272.69,4356.33,4341.91,14.420000000000073,16.50142857142867,0.08,115.36000000000058,-116.1600000000035,0.56,0.0,-116.72000000000351,-1.0069348127600808,-1.0117891816921196,sl,False,0.4597780859916204,1.0159500693480972,0.02@4356.43:sl;0.02@4356.43:sl;0.02@4356.43:sl;0.02@4356.43:sl,2703.269999999919,24.885920014879154,2025-12
M10#3002090,M10,3002090,IMB,buy,0.652,A,2025-12-23 21:40:00,2025-12-23 23:56:00,2025-12-24 02:09:00,133.0,4484.19,4484.19,4478.35,4487.69,4512.22,4484.19,4478.35,5.839999999999236,5.906428571428543,0.21,122.63999999998397,290.8300000000072,1.4700000000000002,-24.0,265.3600000000072,2.37141226353592,2.163731245923368,tp2,True,4.886986301370496,0.3116438356164293,0.05@4487.69:tp1;0.05@4491.20:tp1;0.05@4498.21:tp1;0.06@4512.22:tp2,2968.6299999999264,27.049651260802523,2025-12
M15#3001514,M15,3001514,IMB,sell,0.629,B,2025-12-29 18:30:00,2025-12-29 18:54:00,2025-12-29 22:04:00,190.0,4342.73,4342.73,4358.75,4333.12,4265.83,4358.75,4342.73,16.020000000000437,23.839999999999886,0.08,128.1600000000035,57.25999999999658,0.56,0.0,56.69999999999658,0.44678526841444305,0.4424157303370399,partial_be,True,1.7322097378276682,0.3127340823970656,0.02@4333.12:tp1;0.02@4323.51:tp1;0.02@4342.83:be;0.02@4342.83:be,3025.329999999923,27.492066991139563,2025-12
M10#3002223,M10,3002223,IMB,sell,0.619,B,2025-12-29 18:30:00,2025-12-29 18:54:00,2025-12-30 01:08:00,374.0,4345.58,4345.58,4358.75,4337.68,4282.36,4358.75,4345.58,13.170000000000073,19.131428571428646,0.09,118.53000000000068,46.899999999997824,0.6300000000000001,0.75,47.01999999999782,0.39568041845944113,0.39669282038300474,partial_be,True,2.3234624145786027,0.16400911161736917,0.02@4337.68:tp1;0.02@4329.78:tp1;0.02@4345.68:be;0.03@4345.68:be,3072.349999999921,27.88875981152257,2025-12
M5#3004385,M5,3004385,IMB,sell,0.553,B,2025-12-31 13:00:00,2025-12-31 13:08:00,2025-12-31 14:36:00,88.0,4312.32,4312.32,4319.64,4307.93,4277.18,4319.64,4312.32,7.3200000000006185,5.842142857142725,0.17,124.44000000001051,51.77999999999338,1.1900000000000002,0.0,50.58999999999338,0.4161041465765751,0.40654130504652125,partial_be,True,1.2240437158468962,0.5874316939890463,0.04@4307.93:tp1;0.04@4303.54:tp1;0.04@4312.42:be;0.05@4312.42:be,3122.939999999914,28.29530111656909,2025-12
M5#4002376,M5,4002376,IMB,buy,0.55,C,2026-01-02 15:35:00,2026-01-02 18:03:00,2026-01-02 18:17:00,14.0,4327.32,4327.32,4319.05,4332.28,4367.02,4327.32,4319.05,8.269999999999527,5.917142857142737,0.15,124.0499999999929,-125.54999999999836,1.05,0.0,-126.59999999999836,-1.012091898428098,-1.0205562273277355,sl,False,0.26964933494565907,1.1511487303506738,0.03@4318.95:sl;0.03@4318.95:sl;0.03@4318.95:sl;0.06@4318.95:sl,2996.3399999999156,27.274744889241354,2026-01
M10#4001209,M10,4001209,IMB,sell,0.626,B,2026-01-05 03:20:00,2026-01-05 08:25:00,2026-01-05 16:02:00,457.0,4422.05,4422.05,4446.16,4407.58,4306.32,4446.16,4422.05,24.109999999999673,12.529285714285768,0.05,120.54999999999836,14.070000000002437,0.35000000000000003,0.0,13.720000000002438,0.11671505599338555,0.11381169639156055,partial_be,True,1.0671920364993743,0.7573620904188949,0.01@4407.58:tp1;0.01@4422.15:be;0.01@4422.15:be;0.02@4422.15:be,3010.059999999918,27.388556585632916,2026-01
M30#4000410,M30,4000410,IMB,sell,0.607,B,2026-01-05 04:00:00,2026-01-05 08:25:00,2026-01-05 16:02:00,457.0,4421.61,4421.61,4445.46,4407.3,4307.13,4445.46,4421.61,23.850000000000364,14.595000000000255,0.05,119.25000000000182,13.909999999998035,0.35000000000000003,0.0,13.559999999998036,0.11664570230606142,0.11371069182388116,partial_be,True,1.0603773584905103,0.7840670859538588,0.01@4407.30:tp1;0.01@4421.71:be;0.01@4421.71:be;0.02@4421.71:be,3023.619999999916,27.5022672774568,2026-01
M15#4000786,M15,4000786,IMB,sell,0.629,B,2026-01-05 08:45:00,2026-01-05 10:17:00,2026-01-05 16:21:00,364.0,4429.7,4429.7,4445.46,4420.24,4354.05,4445.46,4429.7,15.760000000000218,7.951428571428486,0.08,126.08000000000175,56.33999999999833,0.56,0.0,55.779999999998324,0.4468591370558181,0.4424175126903359,partial_be,True,2.118020304568448,0.673223350253777,0.02@4420.24:tp1;0.02@4410.79:tp1;0.02@4429.80:be;0.02@4429.80:be,3079.3999999999146,27.944684790147136,2026-01
M5#4002619,M5,4002619,OB,buy,0.61,B,2026-01-06 17:30:00,2026-01-06 17:33:00,2026-01-06 17:37:00,4.0,4471.78,4471.78,4466.32,4475.06,4497.99,4471.78,4466.32,5.460000000000036,6.819285714285668,0.23,125.58000000000084,-127.87999999998829,1.6099999999999999,0.0,-129.4899999999883,-1.0183150183149183,-1.031135531135431,sl,False,0.0,1.5879120879120907,0.05@4466.22:sl;0.05@4466.22:sl;0.05@4466.22:sl;0.08@4466.22:sl,2949.909999999926,26.913549259011706,2026-01
M5#4002662,M5,4002662,OB,sell,0.559,B,2026-01-09 15:30:00,2026-01-09 15:32:00,2026-01-09 15:37:00,5.0,4485.33,4485.33,4491.94,4481.36,4453.6,4491.94,4485.33,6.609999999999673,4.994285714285654,0.19,125.58999999999378,14.379999999995562,1.33,0.0,13.049999999995562,0.11449956206701388,0.10390954693842032,partial_be,True,0.9228441754916424,0.6111951588503893,0.04@4481.36:tp1;0.04@4485.43:be;0.04@4485.43:be;0.07@4485.43:be,2962.959999999922,27.017458805950127,2026-01
M15#4001072,M15,4001072,UW,buy,0.61,B,2026-01-09 18:30:00,2026-01-09 19:54:00,2026-01-12 01:06:00,3192.0,4487.71,4487.71,4479.52,4492.62,4527.02,4487.71,4479.52,8.1899999999996,13.176428571428655,0.15,122.849999999994,339.0600000000013,1.05,-3.0,335.0100000000013,2.7599511599513056,2.726984126984271,tp2,True,4.986568986569248,0.7130647130647657,0.03@4492.62:tp1;0.03@4497.54:tp1;0.03@4507.37:tp1;0.06@4527.02:tp2,3297.969999999923,29.744442932934398,2026-01
M5#4002970,M5,4002970,IMB,buy,0.706,A,2026-01-12 15:35:00,2026-01-12 16:03:00,2026-01-12 16:04:00,1.0,4600.98,4600.98,4595.93,4604.01,4625.22,4600.98,4595.93,5.049999999999272,4.637857142857229,0.26,131.29999999998108,16.180000000014843,1.82,0.0,14.360000000014843,0.12322924600165402,0.10936785986303817,partial_be,True,0.7841584158417043,0.6019801980198816,0.06@4604.01:tp1;0.06@4600.88:be;0.06@4600.88:be;0.08@4600.88:be,3312.3299999999376,29.853810792797436,2026-01
M10#4001661,M10,4001661,UW,sell,0.624,B,2026-01-13 01:50:00,2026-01-13 01:57:00,2026-01-13 05:09:00,192.0,4597.23,4597.23,4607.99,4590.77,4545.58,4607.99,4597.23,10.760000000000218,6.961428571428639,0.12,129.12000000000262,57.50999999999476,0.84,0.0,56.66999999999476,0.4453996282527385,0.43889405204456017,partial_be,True,2.0120817843865426,0.27509293680297175,0.03@4590.77:tp1;0.03@4584.32:tp1;0.03@4597.33:be;0.03@4597.33:be,3368.9999999999322,30.292704844841996,2026-01
M5#4003091,M5,4003091,OB,buy,0.599,B,2026-01-14 06:40:00,2026-01-14 07:57:00,2026-01-14 07:59:00,2.0,4620.58,4620.58,4614.87,4624.01,4647.99,4620.58,4614.87,5.710000000000036,3.1285714285715067,0.23,131.33000000000084,15.349999999994907,1.6099999999999999,0.0,13.739999999994907,0.11688113911516644,0.10462194471936968,partial_be,True,0.7320490367776294,0.5078809106829453,0.05@4624.01:tp1;0.05@4620.48:be;0.05@4620.48:be;0.08@4620.48:be,3382.739999999927,30.397326789561365,2026-01
M5#4003109,M5,4003109,OB,sell,0.604,B,2026-01-14 12:15:00,2026-01-14 12:17:00,2026-01-14 13:04:00,47.0,4634.27,4634.27,4638.88,4631.5,4612.14,4638.88,4634.27,4.609999999999673,3.3878571428570985,0.29,133.68999999999053,17.19000000001506,2.0300000000000002,0.0,15.16000000001506,0.1285810457028669,0.11339666392412397,partial_be,True,0.7874186550978908,0.872017353579135,0.07@4631.50:tp1;0.07@4634.37:be;0.07@4634.37:be;0.08@4634.37:be,3397.899999999942,30.51072345348549,2026-01
M5#4003471,M5,4003471,OB,buy,0.608,B,2026-01-20 12:20:00,2026-01-20 12:29:00,2026-01-20 13:07:00,38.0,4729.36,4729.36,4722.7,4733.36,4761.33,4729.36,4722.7,6.6599999999998545,3.9557142857142287,0.2,133.1999999999971,-135.19999999998618,1.4000000000000001,0.0,-136.59999999998618,-1.0150150150149333,-1.0255255255254443,sl,False,0.0,1.1546546546546197,0.05@4722.60:sl;0.05@4722.60:sl;0.05@4722.60:sl;0.05@4722.60:sl,3261.2999999999556,29.485197927960044,2026-01
M5#4003544,M5,4003544,UW,buy,0.656,A,2026-01-21 08:30:00,2026-01-21 08:39:00,2026-01-21 08:40:00,1.0,4869.53,4869.53,4864.42,4872.6,4894.06,4869.53,4864.42,5.109999999999673,6.692142857142828,0.27,137.96999999999116,-140.67000000000098,1.8900000000000001,0.0,-142.56000000000097,-1.0195694716243386,-1.0332681017613257,sl,False,0.0,1.1311154598826059,0.06@4864.32:sl;0.06@4864.32:sl;0.06@4864.32:sl;0.09@4864.32:sl,3118.7399999999548,28.451929826198718,2026-01
H1#4000336,H1,4000336,IMB,buy,0.623,B,2026-01-21 11:00:00,2026-01-21 17:23:00,2026-01-21 19:13:00,110.0,4817.31,4817.31,4787.53,4835.18,4960.25,4817.31,4787.53,29.780000000000655,23.57714285714272,0.04,119.12000000000262,53.409999999998945,0.28,0.0,53.129999999998944,0.44837139019474287,0.4460208193418215,partial_be,True,1.2864338482202367,0.14204163868369307,0.01@4835.18:tp1;0.01@4853.05:tp1;0.01@4817.21:be;0.01@4817.21:be,3171.8699999999535,28.89795064554054,2026-01
M30#4000655,M30,4000655,IMB,buy,0.66,A,2026-01-21 10:00:00,2026-01-21 17:23:00,2026-01-21 19:15:00,112.0,4815.03,4815.03,4787.53,4831.53,4947.03,4815.03,4787.53,27.5,22.9292857142856,0.04,110.0,49.30000000000109,0.28,0.0,49.02000000000109,0.4481818181818281,0.44563636363637354,partial_be,True,1.4760000000000053,0.07090909090908429,0.01@4831.53:tp1;0.01@4848.03:tp1;0.01@4814.93:be;0.01@4814.93:be,3220.8899999999544,29.343587009176915,2026-01
M15#4001300,M15,4001300,IMB,buy,0.672,A,2026-01-21 17:45:00,2026-01-21 19:32:00,2026-01-21 21:30:00,118.0,4805.04,4805.04,4787.53,4815.55,4889.09,4805.04,4787.53,17.51000000000022,18.579999999999863,0.07,122.57000000000151,73.13999999999942,0.48999999999999994,0.0,72.64999999999942,0.596720241494644,0.5927225259035532,partial_be,True,2.792689891490521,0.15933752141632945,0.01@4815.55:tp1;0.01@4826.05:tp1;0.01@4847.06:tp1;0.04@4804.94:be,3293.539999999954,29.93630953508047,2026-01
M15#4001345,M15,4001345,IMB,buy,0.633,B,2026-01-22 09:15:00,2026-01-22 11:42:00,2026-01-22 15:01:00,199.0,4816.37,4816.37,4802.69,4824.58,4882.03,4816.37,4802.69,13.680000000000291,7.64642857142852,0.1,136.8000000000029,48.66000000000349,0.7000000000000001,0.0,47.96000000000349,0.3557017543859829,0.3505847953216555,partial_be,True,1.4627192982455988,0.1688596491227662,0.02@4824.58:tp1;0.02@4832.79:tp1;0.02@4816.27:be;0.04@4816.27:be,3341.4999999999577,30.286894330402124,2026-01
M5#4003641,M5,4003641,IMB,buy,0.622,B,2026-01-22 08:20:00,2026-01-22 11:42:00,2026-01-22 15:42:00,240.0,4815.47,4815.47,4807.82,4820.06,4852.19,4815.47,4807.82,7.650000000000546,4.991428571428449,0.17,130.05000000000928,128.01999999999498,1.1900000000000002,0.0,126.82999999999498,0.9843906189925863,0.9752402921952014,partial_be,True,2.7333333333331193,0.5647058823529817,0.04@4820.06:tp1;0.04@4824.65:tp1;0.04@4833.83:tp1;0.05@4815.37:be,3468.3299999999526,31.262134622597326,2026-01
M10#4001837,M10,4001837,IMB,buy,0.67,A,2026-01-19 03:30:00,2026-01-19 04:01:00,2026-01-22 22:14:00,5413.0,4653.3,4653.3,4596.68,4687.27,4925.08,4653.3,4596.68,56.61999999999989,12.597142857142899,0.02,113.23999999999978,339.71999999999935,0.14,-3.0,336.57999999999936,3.0,2.972271282232427,tp2,True,4.823737195337344,0.0052984811020872925,0.01@4721.24:tp1;0.01@4925.08:tp2,3804.909999999952,34.23440590482976,2026-01
M15#4001236,M15,4001236,IMB,buy,0.667,A,2026-01-19 03:45:00,2026-01-19 04:01:00,2026-01-22 22:14:00,5413.0,4653.3,4653.3,4596.68,4687.27,4925.08,4653.3,4596.68,56.61999999999989,16.838571428571477,0.02,113.23999999999978,339.71999999999935,0.14,-3.0,336.57999999999936,3.0,2.972271282232427,tp2,True,4.823737195337344,0.0052984811020872925,0.01@4721.24:tp1;0.01@4925.08:tp2,4141.489999999952,37.20667718706218,2026-01
M10#4002029,M10,4002029,OB,buy,0.634,B,2026-01-22 22:50:00,2026-01-22 22:58:00,2026-01-23 01:08:00,130.0,4916.18,4916.18,4908.3,4920.91,4954.0,4916.18,4908.3,7.880000000000109,7.257857142857249,0.17,133.96000000000186,321.49999999999636,1.1900000000000002,-2.5,317.80999999999636,2.3999701403403395,2.37242460435945,tp2,True,5.414974619289274,0.24111675126910145,0.04@4920.91:tp1;0.04@4925.64:tp1;0.04@4935.09:tp1;0.05@4954.00:tp2,4459.299999999948,39.579101791421635,2026-01
M5#4003711,M5,4003711,OB,buy,0.611,B,2026-01-23 02:50:00,2026-01-23 03:02:00,2026-01-23 03:19:00,17.0,4943.99,4943.99,4934.3,4949.8,4990.5,4943.99,4934.3,9.6899999999996,7.071428571428702,0.14,135.65999999999443,16.330000000007203,0.9800000000000001,0.0,15.350000000007203,0.12037446557576201,0.11315052336729937,partial_be,True,1.0866873065016605,0.7502579979359987,0.03@4949.80:tp1;0.03@4943.89:be;0.03@4943.89:be;0.05@4943.89:be,4474.649999999956,39.69225231478894,2026-01
M10#4002077,M10,4002077,IMB,buy,0.687,A,2026-01-23 19:00:00,2026-01-23 19:55:00,2026-01-23 20:41:00,46.0,4969.79,4969.79,4960.72,4975.23,5013.33,4969.79,4960.72,9.069999999999709,10.967857142857222,0.15,136.04999999999563,48.05999999999585,1.05,0.0,47.009999999995856,0.3532524807056038,0.3455347298787017,partial_be,True,1.593164277839061,0.831312017640596,0.03@4975.23:tp1;0.03@4980.67:tp1;0.03@4969.69:be;0.06@4969.69:be,4521.659999999952,40.03778704466764,2026-01
M5#4003862,M5,4003862,OB,sell,0.58,B,2026-01-26 12:10:00,2026-01-26 12:14:00,2026-01-26 13:38:00,84.0,5090.46,5090.46,5098.16,5085.84,5053.5,5098.16,5090.46,7.699999999999818,6.277857142857231,0.18,138.59999999999675,54.43999999999505,1.2600000000000002,0.0,53.179999999995054,0.3927849927849663,0.383694083694057,partial_be,True,1.4922077922079173,0.6467532467532053,0.04@5085.84:tp1;0.04@5081.22:tp1;0.04@5090.56:be;0.06@5090.56:be,4574.8399999999465,40.4214811283617,2026-01
M10#4002090,M10,4002090,UW,buy,0.64,B,2026-01-26 07:30:00,2026-01-26 21:03:00,2026-01-26 21:18:00,15.0,5041.85,5041.85,5029.22,5049.43,5102.47,5041.85,5029.22,12.63000000000011,8.649285714285659,0.11,138.9300000000012,44.77999999999702,0.77,0.0,44.009999999997014,0.32232059310441685,0.3167782336428175,partial_be,True,1.6935866983372314,0.44259699129058566,0.02@5049.43:tp1;0.02@5057.01:tp1;0.02@5041.75:be;0.05@5041.75:be,4618.849999999943,40.73825936200451,2026-01
M5#4003826,M5,4003826,UW,buy,0.709,A,2026-01-26 15:00:00,2026-01-26 21:03:00,2026-01-26 21:18:00,15.0,5041.85,5041.85,5029.22,5049.43,5102.47,5041.85,5029.22,12.63000000000011,5.147857142857122,0.11,138.9300000000012,44.77999999999702,0.77,0.0,44.009999999997014,0.32232059310441685,0.3167782336428175,partial_be,True,1.6935866983372314,0.44259699129058566,0.02@5049.43:tp1;0.02@5057.01:tp1;0.02@5041.75:be;0.05@5041.75:be,4662.85999999994,41.05503759564733,2026-01
M10#4002133,M10,4002133,OB,buy,0.626,B,2026-01-27 04:00:00,2026-01-27 04:03:00,2026-01-27 16:16:00,733.0,5051.42,5051.42,5023.7,5068.05,5184.48,5051.42,5023.7,27.720000000000255,14.627142857142774,0.05,138.60000000000127,49.589999999999236,0.35000000000000003,0.0,49.239999999999235,0.357792207792199,0.35526695526694646,partial_be,True,1.7846320346320275,0.12481962481962498,0.01@5068.05:tp1;0.01@5084.68:tp1;0.01@5051.32:be;0.02@5051.32:be,4712.0999999999385,41.410304550914276,2026-01
M5#4004057,M5,4004057,UW,buy,0.556,B,2026-01-28 17:00:00,2026-01-28 17:08:00,2026-01-28 17:08:00,0.0,5259.33,5259.33,5250.21,5264.8,5303.11,5259.33,5250.21,9.11999999999989,10.68999999999986,0.16,145.91999999999825,-147.52000000000407,1.12,0.0,-148.64000000000408,-1.0109649122807418,-1.018640350877233,sl,False,0.0,2.578947368421032,0.04@5250.11:sl;0.04@5250.11:sl;0.04@5250.11:sl;0.04@5250.11:sl,4563.459999999935,40.39166420003704,2026-01
M5#4004093,M5,4004093,UW,buy,0.552,B,2026-01-29 07:30:00,2026-01-29 10:43:00,2026-01-29 10:43:00,0.0,5500.14,5500.14,5486.98,5508.04,5563.31,5500.14,5486.98,13.160000000000764,11.399999999999832,0.11,144.7600000000084,-145.8600000000024,0.77,0.0,-146.6300000000024,-1.007598784194487,-1.012917933130657,sl,False,0.0,1.0326747720364253,0.02@5486.88:sl;0.02@5486.88:sl;0.02@5486.88:sl;0.05@5486.88:sl,4416.829999999932,39.37874626690638,2026-01
M5#4004140,M5,4004140,UW,sell,0.554,B,2026-01-29 18:40:00,2026-01-29 19:16:00,2026-01-29 19:29:00,13.0,5328.01,5328.01,5367.36,5304.4,5139.13,5367.36,5328.01,39.349999999999454,55.54142857142863,0.03,118.04999999999836,-118.34999999999945,0.21,0.0,-118.55999999999945,-1.0025412960610003,-1.0043202033036942,sl,False,0.19110546378652177,1.011944091486688,0.01@5367.46:sl;0.02@5367.46:sl,4298.269999999932,38.37442606360269,2026-01
M10#4002246,M10,4002246,IMB,sell,0.622,B,2026-01-29 23:40:00,2026-01-30 01:03:00,2026-01-30 10:33:00,570.0,5428.5,5428.5,5494.65,5388.81,5110.98,5494.65,5428.5,66.14999999999964,24.48928571428561,0.02,132.29999999999927,396.90000000000055,0.14,0.0,396.76000000000056,3.0000000000000204,2.9989417989418197,tp2,True,5.524263038548773,0.3446712018140636,0.01@5349.12:tp1;0.01@5110.98:tp2,4695.029999999932,41.37336786254451,2026-01
M5#4004182,M5,4004182,IMB,sell,0.604,B,2026-01-30 04:35:00,2026-01-30 04:39:00,2026-01-30 19:07:00,868.0,5213.53,5213.53,5270.45,5179.38,4940.31,5270.45,5213.53,56.92000000000007,40.6949999999999,0.02,113.84000000000015,341.5199999999995,0.14,0.0,341.37999999999954,2.999999999999992,2.9987702037947916,tp2,True,4.981377371749817,0.5736120871398542,0.01@5145.23:tp1;0.01@4940.31:tp2,5036.409999999932,44.3721380663393,2026-01
M5#5002439,M5,5002439,OB,buy,0.577,B,2026-02-02 01:10:00,2026-02-02 01:11:00,2026-02-02 03:00:00,109.0,4751.96,4751.96,4695.5,4785.84,5022.97,4751.96,4695.5,56.460000000000036,28.795714285714375,0.02,112.92000000000007,67.64999999999964,0.14,0.0,67.50999999999964,0.5990967056323024,0.5978568898335068,partial_be,True,2.3473255402054494,0.9842366277010215,0.01@4819.71:tp1;0.01@4751.86:be,5103.919999999931,44.96999495617281,2026-02
M5#5002452,M5,5002452,OB,sell,0.599,B,2026-02-02 02:00:00,2026-02-02 02:09:00,2026-02-02 08:38:00,389.0,4810.41,4810.41,4892.25,4761.31,4417.58,4892.25,4810.41,81.84000000000015,43.69357142857143,0.01,81.84000000000015,392.8299999999999,0.07,0.0,392.75999999999993,4.799975562072327,4.799120234604096,tp2,False,4.986314760508299,0.9086021505376288,0.01@4417.58:tp2,5496.679999999931,49.76911519077691,2026-02
M10#5001475,M10,5001475,OB,sell,0.626,B,2026-02-06 02:30:00,2026-02-06 16:37:00,2026-02-06 18:40:00,123.0,4944.57,4944.57,4980.49,4923.02,4772.15,4980.49,4944.57,35.92000000000007,28.906428571428673,0.04,143.6800000000003,21.24999999999818,0.28,0.0,20.96999999999818,0.14789810690421867,0.14594933184853937,partial_be,True,0.6219376391982211,0.5718262806236312,0.01@4923.02:tp1;0.01@4944.67:be;0.01@4944.67:be;0.01@4944.67:be,5517.64999999993,49.91506452262545,2026-02
M5#5002920,M5,5002920,IMB,buy,0.649,B,2026-02-09 02:25:00,2026-02-09 02:42:00,2026-02-09 03:05:00,23.0,5019.89,5019.89,4997.3,5033.44,5128.32,5019.89,4997.3,22.590000000000146,15.110000000000127,0.06,135.5400000000009,13.049999999997455,0.42000000000000004,0.0,12.629999999997455,0.09628154050462866,0.09318282425850208,partial_be,True,0.979194333775996,0.34528552456839895,0.01@5033.44:tp1;0.01@5019.79:be;0.01@5019.79:be;0.03@5019.79:be,5530.279999999927,50.008247346883955,2026-02
M10#5001559,M10,5001559,IMB,buy,0.643,B,2026-02-09 02:30:00,2026-02-09 02:42:00,2026-02-09 03:05:00,23.0,5019.89,5019.89,4989.73,5037.99,5164.66,5019.89,4989.73,30.160000000000764,16.5985714285715,0.05,150.80000000000382,17.699999999998,0.35000000000000003,0.0,17.349999999997998,0.11737400530502355,0.11505305039786179,partial_be,True,0.7334217506631078,0.2586206896551719,0.01@5037.99:tp1;0.01@5019.79:be;0.01@5019.79:be;0.02@5019.79:be,5547.629999999925,50.12330039728182,2026-02
M15#5001054,M15,5001054,IMB,buy,0.608,B,2026-02-09 19:30:00,2026-02-09 19:51:00,2026-02-09 23:28:00,217.0,5052.45,5052.45,5035.7,5062.5,5132.85,5052.45,5035.7,16.75,13.602857142857244,0.09,150.75000000000003,59.80000000000382,0.6300000000000001,0.0,59.17000000000382,0.39668325041461894,0.392504145937007,partial_be,True,2.0208955223880816,0.6817910447761237,0.02@5062.50:tp1;0.02@5072.55:tp1;0.02@5052.35:be;0.03@5052.35:be,5606.799999999928,50.51580454321882,2026-02
M5#5002984,M5,5002984,IMB,sell,0.581,B,2026-02-10 01:30:00,2026-02-10 01:43:00,2026-02-10 04:03:00,140.0,5038.16,5038.16,5055.86,5027.54,4953.2,5055.86,5038.16,17.699999999999818,14.879285714285809,0.08,141.59999999999854,63.31999999999789,0.56,0.0,62.75999999999789,0.44717514124292757,0.4432203389830405,partial_be,True,1.6355932203389896,0.5909604519774092,0.02@5027.54:tp1;0.02@5016.92:tp1;0.02@5038.26:be;0.02@5038.26:be,5669.559999999926,50.95902488220186,2026-02
M5#5003168,M5,5003168,OB,sell,0.706,A,2026-02-12 07:20:00,2026-02-12 11:50:00,2026-02-12 15:46:00,236.0,5078.8,5078.8,5095.27,5068.92,4999.74,5095.27,5078.8,16.470000000000255,4.564285714285818,0.09,148.23000000000232,58.78000000000338,0.6300000000000001,0.0,58.15000000000338,0.3965459083856336,0.3922957565944982,partial_be,True,1.7941712204007119,0.13479052823316456,0.02@5068.92:tp1;0.02@5059.04:tp1;0.02@5078.90:be;0.03@5078.90:be,5727.709999999929,51.35132063879636,2026-02
H1#5000300,H1,5000300,IMB,sell,0.687,A,2026-02-12 23:00:00,2026-02-13 03:45:00,2026-02-13 21:06:00,1041.0,4982.54,4982.54,5040.32,4947.87,4705.2,5040.32,4982.54,57.779999999999745,39.076428571428615,0.02,115.55999999999949,-115.76000000000022,0.14,0.0,-115.90000000000022,-1.0017307026652884,-1.002942194530986,sl,False,0.831256490134994,1.0065766701280896,0.01@5040.42:sl;0.01@5040.42:sl,5611.809999999929,50.34837844426537,2026-02
M10#5001794,M10,5001794,UW,buy,0.61,B,2026-02-13 23:30:00,2026-02-16 01:00:00,2026-02-16 01:01:00,1.0,5026.63,5028.02,5021.79,5031.76,5057.92,5028.02,5021.79,6.230000000000473,7.0121428571427975,0.25,155.75000000001182,191.07000000000062,1.75,-3.5000000000000004,185.82000000000062,1.2267736757623506,1.193065810593814,partial_be,True,4.083467094702676,1.2343499197431662,0.06@5031.76:tp1;0.06@5035.50:tp1;0.06@5042.97:tp1;0.07@5027.92:be,5797.629999999929,51.54144425485919,2026-02
M5#5003325,M5,5003325,UW,buy,0.634,B,2026-02-13 17:00:00,2026-02-13 17:53:00,2026-02-16 05:49:00,3596.0,4988.04,4988.04,4964.67,5002.06,5100.22,4988.04,4964.67,23.36999999999989,13.42071428571418,0.06,140.21999999999937,97.84999999999947,0.42000000000000004,-1.5,95.92999999999947,0.6978319783197825,0.68413920981315,partial_be,True,2.7398373983739854,0.5857937526743544,0.01@5002.06:tp1;0.01@5016.08:tp1;0.01@5044.13:tp1;0.03@4987.94:be,5893.559999999929,52.22558346467234,2026-02
M5#5003364,M5,5003364,IMB,sell,0.552,B,2026-02-16 09:55:00,2026-02-16 10:02:00,2026-02-16 10:58:00,56.0,5009.95,5009.95,5018.69,5004.71,4968.0,5018.69,5009.95,8.739999999999782,4.129285714285743,0.18,157.3199999999961,61.919999999994616,1.2600000000000002,0.0,60.65999999999462,0.3935926773455133,0.3855835240274353,partial_be,True,1.602974828375351,0.40160183066365057,0.04@5004.71:tp1;0.04@4999.46:tp1;0.04@5010.05:be;0.06@5010.05:be,5954.219999999923,52.61116698869978,2026-02
M5#5003370,M5,5003370,UW,buy,0.602,B,2026-02-16 16:55:00,2026-02-16 17:02:00,2026-02-17 02:09:00,547.0,4977.06,4977.06,4965.61,4983.93,5032.02,4977.06,4965.61,11.450000000000728,4.803571428571429,0.13,148.85000000000946,61.12999999999647,0.91,-3.5000000000000004,56.719999999996475,0.4106818945246395,0.38105475310710696,partial_be,True,2.0541484716155485,0.6855895196506432,0.03@4983.93:tp1;0.03@4990.80:tp1;0.03@4976.96:be;0.04@4976.96:be,6010.93999999992,52.99222174180689,2026-02
M10#5001911,M10,5001911,IMB,buy,0.676,A,2026-02-18 21:00:00,2026-02-18 21:27:00,2026-02-19 01:01:00,214.0,4978.61,4978.61,4963.39,4987.74,5051.67,4978.61,4963.39,15.219999999999345,6.488571428571374,0.1,152.19999999999345,-153.1999999999971,0.7000000000000001,-5.0,-158.89999999999708,-1.006570302233927,-1.0440210249671742,sl,False,0.5873850197109655,1.2141918528252535,0.02@4963.29:sl;0.02@4963.29:sl;0.02@4963.29:sl;0.04@4963.29:sl,5852.039999999923,51.948200716839715,2026-02
M5#5003660,M5,5003660,UW,buy,0.559,B,2026-02-19 18:10:00,2026-02-19 18:27:00,2026-02-19 18:57:00,30.0,4992.99,4992.99,4987.09,4996.53,5021.31,4992.99,4987.09,5.899999999999636,7.705000000000057,0.26,153.39999999999054,147.88000000000284,1.82,0.0,146.06000000000284,0.9640156453716555,0.9521512385919938,partial_be,True,2.6983050847459413,0.2542372881356089,0.06@4996.53:tp1;0.06@5000.07:tp1;0.06@5007.15:tp1;0.08@4992.89:be,5998.099999999926,52.90035195543171,2026-02
M5#5003744,M5,5003744,OB,buy,0.567,B,2026-02-20 16:15:00,2026-02-20 17:03:00,2026-02-20 17:03:00,0.0,5031.45,5031.45,5023.97,5035.94,5067.35,5031.45,5023.97,7.479999999999563,6.734285714285826,0.21,157.07999999999086,-159.17999999999847,1.4700000000000002,0.0,-160.64999999999847,-1.0133689839572684,-1.0227272727273224,sl,False,0.0,2.0494652406418212,0.05@5023.87:sl;0.05@5023.87:sl;0.05@5023.87:sl;0.06@5023.87:sl,5837.449999999927,51.877624682704386,2026-02
M10#5002074,M10,5002074,UW,buy,0.636,B,2026-02-23 23:30:00,2026-02-23 23:30:00,2026-02-23 23:43:00,13.0,5228.6,5228.6,5224.81,5230.87,5246.79,5228.6,5224.81,3.7899999999999636,5.581428571428465,0.42,159.1799999999985,19.49999999998363,2.9400000000000004,0.0,16.559999999983628,0.12250282698821342,0.10403316999612881,partial_be,True,1.1978891820580493,0.6068601583113995,0.1@5230.87:tp1;0.1@5228.50:be;0.1@5228.50:be;0.12@5228.50:be,5854.009999999911,51.981657852700515,2026-02
M10#5002066,M10,5002066,UW,buy,0.734,A,2026-02-23 19:30:00,2026-02-23 19:36:00,2026-02-24 03:07:00,451.0,5195.96,5195.96,5175.79,5208.06,5292.78,5195.96,5175.79,20.170000000000073,11.29285714285704,0.07,141.19000000000048,84.32999999999811,0.48999999999999994,-2.5,81.33999999999811,0.597280260641673,0.576103123450654,partial_be,True,2.6584035696578927,0.2345066931085997,0.01@5208.08:tp1;0.01@5220.16:tp1;0.01@5244.37:tp1;0.04@5195.86:be,5935.349999999909,52.55776097615117,2026-02
M15#5001373,M15,5001373,UW,buy,0.679,A,2026-02-23 19:30:00,2026-02-23 19:36:00,2026-02-24 03:07:00,451.0,5195.96,5195.96,5175.79,5208.06,5292.78,5195.96,5175.79,20.170000000000073,15.121428571428623,0.07,141.19000000000048,84.32999999999811,0.48999999999999994,-2.5,81.33999999999811,0.597280260641673,0.576103123450654,partial_be,True,2.6584035696578927,0.2345066931085997,0.01@5208.08:tp1;0.01@5220.16:tp1;0.01@5244.37:tp1;0.04@5195.86:be,6016.689999999908,53.13386409960182,2026-02
M30#5000663,M30,5000663,OB,buy,0.649,B,2026-02-23 19:00:00,2026-02-24 03:15:00,2026-02-24 03:16:00,1.0,5163.79,5163.79,5146.89,5173.93,5244.91,5163.79,5146.89,16.899999999999636,18.484999999999996,0.09,152.09999999999675,-153.0,0.6300000000000001,0.0,-153.63,-1.0059171597633352,-1.0100591715976546,sl,False,0.0,1.0982248520710531,0.02@5146.79:sl;0.02@5146.79:sl;0.02@5146.79:sl;0.03@5146.79:sl,5863.059999999908,52.12380492800417,2026-02
M5#5003895,M5,5003895,UW,buy,0.648,B,2026-02-24 09:00:00,2026-02-24 09:06:00,2026-02-24 09:10:00,4.0,5166.56,5166.56,5156.64,5172.51,5214.18,5166.56,5156.64,9.920000000000073,6.786428571428457,0.15,148.8000000000011,16.649999999995085,1.05,0.0,15.599999999995084,0.11189516129028873,0.10483870967738555,partial_be,True,0.660282258064438,0.135080645161304,0.03@5172.51:tp1;0.03@5166.46:be;0.03@5166.46:be;0.06@5166.46:be,5878.6599999999025,52.22864363768156,2026-02
M5#5003938,M5,5003938,UW,buy,0.583,B,2026-02-25 00:00:00,2026-02-25 01:01:00,2026-02-25 01:01:00,0.0,5136.08,5136.08,5130.85,5139.22,5161.18,5136.08,5130.85,5.229999999999563,5.312142857142915,0.3,156.89999999998693,-159.89999999999782,2.1000000000000005,0.0,-161.9999999999978,-1.0191204588910843,-1.0325047801147949,sl,False,0.0,2.9005736137669866,0.07@5130.75:sl;0.07@5130.75:sl;0.07@5130.75:sl;0.09@5130.75:sl,5716.659999999904,51.196138857566766,2026-02
M15#5001413,M15,5001413,IMB,buy,0.624,B,2026-02-25 04:15:00,2026-02-25 04:51:00,2026-02-25 06:10:00,79.0,5173.62,5173.62,5156.16,5184.1,5257.43,5173.62,5156.16,17.460000000000036,14.619285714285784,0.09,157.14000000000036,20.260000000004766,0.6300000000000001,0.0,19.630000000004767,0.12892961690215554,0.1249204530991773,partial_be,True,0.9375715922107593,0.41695303550972107,0.02@5184.10:tp1;0.02@5173.52:be;0.02@5173.52:be;0.03@5173.52:be,5736.289999999909,51.321059310665945,2026-02
M5#5003879,M5,5003879,IMB,sell,0.59,B,2026-02-25 18:55:00,2026-02-25 19:09:00,2026-02-25 22:42:00,213.0,5213.81,5213.81,5221.03,5209.48,5179.15,5221.03,5213.81,7.219999999999345,6.259285714285787,0.21,151.61999999998628,359.56000000001677,1.4700000000000002,0.0,358.09000000001674,2.37145495317273,2.361759662314003,tp2,True,5.026315789474261,0.5581717451523699,0.05@5209.48:tp1;0.05@5205.15:tp1;0.05@5196.48:tp1;0.06@5179.15:tp2,6094.3799999999255,53.682818972979945,2026-02
M10#5002168,M10,5002168,OB,buy,0.646,B,2026-02-26 03:00:00,2026-02-26 03:28:00,2026-02-26 04:32:00,64.0,5179.32,5179.32,5162.29,5189.54,5261.06,5179.32,5162.29,17.029999999999745,11.335714285714207,0.09,153.26999999999774,19.74000000000433,0.6300000000000001,0.0,19.11000000000433,0.12879232726563986,0.12468193384226928,partial_be,True,0.9348209042865714,0.045801526717542985,0.02@5189.54:tp1;0.02@5179.22:be;0.02@5179.22:be;0.03@5179.22:be,6113.48999999993,53.80750090682221,2026-02
M15#5001474,M15,5001474,OB,buy,0.695,A,2026-02-26 18:30:00,2026-02-26 19:32:00,2026-02-27 02:36:00,424.0,5173.2,5173.2,5142.15,5191.83,5322.24,5173.2,5142.15,31.050000000000182,16.580714285714098,0.05,155.2500000000009,18.230000000002292,0.35000000000000003,-2.0,15.88000000000229,0.1174235104670028,0.10228663446056166,partial_be,True,0.8811594202898687,0.3925925925925774,0.01@5191.83:tp1;0.01@5173.10:be;0.01@5173.10:be;0.02@5173.10:be,6129.369999999932,53.909787541282775,2026-02
M5#5004134,M5,5004134,OB,sell,0.585,B,2026-02-27 03:20:00,2026-02-27 03:21:00,2026-02-27 03:50:00,29.0,5179.96,5179.96,5192.22,5172.6,5121.11,5192.22,5179.96,12.260000000000218,6.399285714285725,0.13,159.38000000000284,-160.67999999999572,0.91,0.0,-161.5899999999957,-1.0081566068515049,-1.0138662316475897,sl,False,0.5163132137030844,1.03588907014686,0.03@5192.32:sl;0.03@5192.32:sl;0.03@5192.32:sl;0.04@5192.32:sl,5967.779999999936,52.895921309635185,2026-02
M15#6001006,M15,6001006,IMB,buy,0.695,A,2026-03-02 02:45:00,2026-03-02 02:54:00,2026-03-02 16:25:00,811.0,5343.83,5343.83,5281.29,5381.35,5644.02,5343.83,5281.29,62.539999999999964,21.770714285714284,0.02,125.07999999999993,74.94999999999982,0.14,0.0,74.80999999999982,0.5992165014390779,0.5980972177806193,partial_be,True,1.2035497281739764,0.6493444195714694,0.01@5418.88:tp1;0.01@5343.73:be,6042.589999999936,53.494018527415804,2026-03
M10#6001487,M10,6001487,IMB,buy,0.716,A,2026-03-02 02:40:00,2026-03-02 02:55:00,2026-03-02 16:25:00,810.0,5341.66,5341.66,5281.29,5377.88,5631.44,5341.66,5281.29,60.36999999999989,21.08571428571434,0.02,120.73999999999978,72.34000000000106,0.14,0.0,72.20000000000105,0.5991386450223719,0.5979791287063209,partial_be,True,1.282756335928452,0.6367401027000111,0.01@5414.10:tp1;0.01@5341.56:be,6114.789999999936,54.091997656122125,2026-03
M30#6000509,M30,6000509,IMB,sell,0.571,B,2026-03-02 18:30:00,2026-03-03 02:17:00,2026-03-03 04:08:00,111.0,5355.7,5355.7,5389.29,5335.55,5194.47,5389.29,5355.7,33.590000000000146,31.660714285714157,0.04,134.36000000000058,19.849999999998545,0.28,0.0,19.569999999998544,0.1477374218517301,0.14565346829412368,partial_be,True,0.6847275974992527,0.7317654063709383,0.01@5335.55:tp1;0.01@5355.80:be;0.01@5355.80:be;0.01@5355.80:be,6134.359999999935,54.237651124416246,2026-03
M5#6002827,M5,6002827,IMB,buy,0.579,B,2026-03-03 14:40:00,2026-03-03 15:04:00,2026-03-03 15:08:00,4.0,5177.63,5177.63,5154.62,5191.44,5288.08,5177.63,5154.62,23.01000000000022,23.00428571428568,0.07,161.0700000000015,-161.7699999999977,0.48999999999999994,0.0,-162.25999999999772,-1.0043459365493028,-1.0073880921338314,sl,False,0.24858757062147763,1.072577140373753,0.01@5154.52:sl;0.01@5154.52:sl;0.01@5154.52:sl;0.04@5154.52:sl,5972.099999999938,53.230263032282416,2026-03
M5#6002834,M5,6002834,IMB,sell,0.567,B,2026-03-03 17:10:00,2026-03-03 17:48:00,2026-03-03 18:03:00,15.0,5076.92,5076.92,5102.99,5061.28,4951.78,5102.99,5076.92,26.06999999999971,29.210714285714207,0.06,156.41999999999828,-157.02000000000044,0.42000000000000004,0.0,-157.44000000000042,-1.0038358266206506,-1.0065209052550963,sl,False,0.5420023014959477,1.0326045262754266,0.01@5103.09:sl;0.01@5103.09:sl;0.01@5103.09:sl;0.03@5103.09:sl,5814.659999999937,52.22374212702732,2026-03
M5#6002915,M5,6002915,UW,buy,0.583,B,2026-03-04 15:30:00,2026-03-04 15:59:00,2026-03-04 16:12:00,13.0,5168.67,5168.67,5159.88,5173.94,5210.86,5168.67,5159.88,8.789999999999964,9.424999999999923,0.17,149.42999999999938,62.37999999999556,1.1900000000000002,0.0,61.189999999995564,0.4174529880211191,0.4094893930268073,partial_be,True,1.3139931740614597,0.12855517633675925,0.04@5173.94:tp1;0.04@5179.22:tp1;0.04@5168.57:be;0.05@5168.57:be,5875.849999999933,52.63323152005413,2026-03
M5#6002920,M5,6002920,OB,sell,0.553,B,2026-03-04 17:10:00,2026-03-04 17:35:00,2026-03-05 01:56:00,501.0,5163.43,5163.43,5179.41,5153.84,5086.73,5179.41,5163.43,15.979999999999563,15.523571428571424,0.09,143.8199999999961,133.94000000000324,0.6300000000000001,0.44999999999999996,133.76000000000323,0.9313030176610129,0.9300514532054434,partial_be,True,3.382978723404316,0.2209011264080001,0.02@5153.84:tp1;0.02@5144.25:tp1;0.02@5125.08:tp1;0.03@5163.53:be,6009.609999999936,53.563282973259575,2026-03
M5#6002976,M5,6002976,UW,buy,0.585,B,2026-03-05 13:50:00,2026-03-05 15:01:00,2026-03-05 15:04:00,3.0,5153.68,5153.68,5147.84,5157.18,5181.71,5153.68,5147.84,5.8400000000001455,4.375000000000065,0.27,157.68000000000393,18.89999999999236,1.8900000000000001,0.0,17.00999999999236,0.1198630136985787,0.10787671232871598,partial_be,True,0.8527397260273013,0.29280821917808114,0.06@5157.18:tp1;0.06@5153.58:be;0.06@5153.58:be;0.09@5153.58:be,6026.619999999928,53.67115968558829,2026-03
M30#6000548,M30,6000548,IMB,sell,0.561,B,2026-03-05 23:00:00,2026-03-06 03:52:00,2026-03-06 05:19:00,87.0,5137.97,5137.97,5161.13,5124.07,5026.8,5161.13,5137.97,23.159999999999854,26.425714285714157,0.06,138.95999999999916,13.400000000003274,0.42000000000000004,0.0,12.980000000003274,0.09643062751873457,0.09340817501441676,partial_be,True,0.671848013816908,0.26511226252160475,0.01@5124.07:tp1;0.01@5138.07:be;0.01@5138.07:be;0.03@5138.07:be,6039.599999999931,53.76456786060271,2026-03
M10#6001688,M10,6001688,IMB,buy,0.637,B,2026-03-06 05:50:00,2026-03-06 07:38:00,2026-03-06 08:02:00,24.0,5121.08,5121.08,5109.69,5127.91,5175.75,5121.08,5109.69,11.390000000000327,10.445714285714205,0.14,159.4600000000046,-160.85999999999694,0.9800000000000001,0.0,-161.83999999999693,-1.008779631255439,-1.0149253731342798,sl,False,0.2537313432836035,1.0474100087796268,0.03@5109.59:sl;0.03@5109.59:sl;0.03@5109.59:sl;0.05@5109.59:sl,5877.759999999935,52.74964248746843,2026-03
M5#6003030,M5,6003030,IMB,buy,0.598,B,2026-03-06 08:10:00,2026-03-06 09:08:00,2026-03-06 09:33:00,25.0,5108.44,5108.44,5099.47,5113.82,5151.5,5108.44,5099.47,8.969999999999345,6.466428571428748,0.17,152.48999999998887,63.66000000000622,1.1900000000000002,0.0,62.47000000000622,0.41746999803272916,0.40966620762024253,partial_be,True,1.2396878483836802,0.31438127090300055,0.04@5113.82:tp1;0.04@5119.20:tp1;0.04@5108.34:be;0.05@5108.34:be,5940.229999999941,53.15930869508867,2026-03
M5#6003213,M5,6003213,UW,buy,0.573,B,2026-03-10 05:45:00,2026-03-10 05:47:00,2026-03-10 10:00:00,253.0,5158.26,5158.26,5153.37,5161.19,5181.73,5158.26,5153.37,4.890000000000327,6.377142857142774,0.32,156.48000000001048,352.0799999999872,2.24,0.0,349.8399999999872,2.2499999999997673,2.2356850715744105,tp2,True,5.556237218813549,0.7607361963190196,0.08@5161.19:tp1;0.08@5164.13:tp1;0.08@5170.00:tp1;0.08@5181.73:tp2,6290.069999999929,55.39499376666308,2026-03
M30#6000589,M30,6000589,IMB,sell,0.556,B,2026-03-11 00:30:00,2026-03-11 02:23:00,2026-03-11 04:41:00,138.0,5207.88,5207.88,5226.39,5196.77,5119.03,5226.39,5207.88,18.51000000000022,17.707857142857133,0.08,148.08000000000175,21.62000000000262,0.56,0.0,21.06000000000262,0.14600216099407323,0.14222042139385718,partial_be,True,0.7217720151269813,0.8579146407346846,0.02@5196.77:tp1;0.02@5207.98:be;0.02@5207.98:be;0.02@5207.98:be,6311.129999999931,55.537214188056936,2026-03
M5#6003303,M5,6003303,IMB,buy,0.614,B,2026-03-11 03:35:00,2026-03-11 04:02:00,2026-03-11 05:51:00,109.0,5202.07,5202.07,5192.81,5207.63,5246.52,5202.07,5192.81,9.259999999999309,6.5471428571428465,0.17,157.41999999998825,65.78000000000884,1.1900000000000002,0.0,64.59000000000884,0.41786304154499904,0.41030364629661836,partial_be,True,2.0010799136071316,0.8455723542117183,0.04@5207.63:tp1;0.04@5213.18:tp1;0.04@5201.97:be;0.05@5201.97:be,6375.71999999994,55.947517834353555,2026-03
M5#6003347,M5,6003347,UW,buy,0.658,A,2026-03-11 18:15:00,2026-03-11 19:36:00,2026-03-12 00:37:00,301.0,5159.97,5159.97,5149.67,5166.15,5209.41,5159.97,5149.67,10.300000000000182,6.794285714285771,0.15,154.50000000000273,54.71999999999388,1.05,-4.5,49.169999999993884,0.35417475728150755,0.3182524271844208,partial_be,True,2.2776699029125846,0.47184466019422294,0.03@5166.15:tp1;0.03@5172.33:tp1;0.03@5159.87:be;0.06@5159.87:be,6424.889999999934,56.26577026153797,2026-03
M5#6003457,M5,6003457,OB,buy,0.576,B,2026-03-13 04:15:00,2026-03-13 04:18:00,2026-03-13 04:51:00,33.0,5121.11,5121.11,5111.99,5126.58,5164.89,5121.11,5111.99,9.11999999999989,5.7028571428571535,0.18,164.15999999999806,-165.9599999999882,1.2600000000000002,0.0,-167.2199999999882,-1.010964912280642,-1.0186403508771331,sl,False,0.2247807017544086,1.0010964912280942,0.04@5111.89:sl;0.04@5111.89:sl;0.04@5111.89:sl;0.06@5111.89:sl,6257.6699999999455,55.24712991066084,2026-03
M15#6001137,M15,6001137,UW,buy,0.621,B,2026-03-13 07:45:00,2026-03-13 16:55:00,2026-03-13 17:42:00,47.0,5049.39,5049.39,5014.72,5070.19,5215.81,5049.39,5014.72,34.67000000000007,6.924999999999922,0.04,138.6800000000003,20.49999999999818,0.28,0.0,20.21999999999818,0.14782232477645038,0.1458032881453572,partial_be,True,0.6351312373810061,0.3790020190366397,0.01@5070.19:tp1;0.01@5049.29:be;0.01@5049.29:be;0.01@5049.29:be,6277.889999999944,55.3929331988062,2026-03
M30#6000567,M30,6000567,UW,buy,0.623,B,2026-03-13 08:00:00,2026-03-13 16:55:00,2026-03-13 17:42:00,47.0,5049.39,5049.39,5014.72,5070.19,5215.81,5049.39,5014.72,34.67000000000007,10.403571428571468,0.04,138.6800000000003,20.49999999999818,0.28,0.0,20.21999999999818,0.14782232477645038,0.1458032881453572,partial_be,True,0.6351312373810061,0.3790020190366397,0.01@5070.19:tp1;0.01@5049.29:be;0.01@5049.29:be;0.01@5049.29:be,6298.109999999942,55.53873648695156,2026-03
M5#6003563,M5,6003563,OB,buy,0.599,B,2026-03-16 08:10:00,2026-03-16 08:48:00,2026-03-16 09:15:00,27.0,5012.57,5012.57,5004.26,5017.56,5052.46,5012.57,5004.26,8.30999999999949,4.990714285714408,0.19,157.88999999999032,-159.78999999999724,1.33,0.0,-161.11999999999725,-1.012033694344208,-1.0204572803851233,sl,False,0.49699157641400266,1.3874849578821242,0.04@5004.16:sl;0.04@5004.16:sl;0.04@5004.16:sl;0.07@5004.16:sl,6136.989999999945,54.51827920656643,2026-03
M5#6003518,M5,6003518,OB,sell,0.558,B,2026-03-17 06:55:00,2026-03-17 07:16:00,2026-03-17 08:01:00,45.0,5042.01,5042.01,5047.4,5038.78,5016.14,5047.4,5042.01,5.389999999999418,3.6357142857143896,0.29,156.30999999998315,365.44000000000784,2.0300000000000002,0.0,363.41000000000787,2.337918239396374,2.32493122640936,tp2,True,5.5677179962900665,0.5269016697587278,0.07@5038.78:tp1;0.07@5035.54:tp1;0.07@5029.07:tp1;0.08@5016.14:tp2,6500.399999999953,56.843210432975795,2026-03
M5#6003743,M5,6003743,UW,buy,0.66,A,2026-03-18 11:05:00,2026-03-18 11:16:00,2026-03-18 12:27:00,71.0,4985.44,4985.44,4977.3,4990.32,5024.51,4985.44,4977.3,8.139999999999418,5.411428571428717,0.2,162.79999999998836,72.25000000000819,1.4000000000000001,0.0,70.85000000000818,0.4437960687961508,0.43519656019664155,partial_be,True,1.2751842751843798,0.11179361179360191,0.05@4990.32:tp1;0.05@4995.21:tp1;0.05@4985.34:be;0.05@4985.34:be,6571.249999999962,57.27840699317244,2026-03
M10#6002158,M10,6002158,OB,sell,0.618,B,2026-03-20 01:50:00,2026-03-20 02:07:00,2026-03-20 02:40:00,33.0,4653.9,4653.9,4671.31,4643.45,4570.33,4671.31,4653.9,17.410000000000764,10.972142857142899,0.09,156.6900000000069,20.19999999999709,0.6300000000000001,0.0,19.56999999999709,0.1289169698129823,0.12489629204158675,partial_be,True,0.6519241815048223,0.6507754164273079,0.02@4643.45:tp1;0.02@4654.00:be;0.02@4654.00:be;0.03@4654.00:be,6590.819999999959,57.40330328521402,2026-03
M5#6003925,M5,6003925,IMB,buy,0.587,B,2026-03-20 06:55:00,2026-03-20 07:02:00,2026-03-20 07:30:00,28.0,4714.49,4714.49,4707.37,4718.76,4748.67,4714.49,4707.37,7.119999999999891,4.860714285714233,0.23,163.7599999999975,62.750000000009095,1.6099999999999999,0.0,61.140000000009096,0.3831827063996706,0.37335124572551315,partial_be,True,1.2977528089887533,0.5772471910111988,0.05@4718.76:tp1;0.05@4723.03:tp1;0.05@4714.39:be;0.08@4714.39:be,6651.959999999968,57.77665453093954,2026-03
M5#6004099,M5,6004099,OB,buy,0.648,B,2026-03-24 05:55:00,2026-03-24 06:19:00,2026-03-24 06:57:00,38.0,4333.03,4333.03,4312.67,4345.25,4430.76,4333.03,4312.67,20.359999999999673,11.694285714285732,0.08,162.87999999999738,23.840000000003783,0.56,0.0,23.280000000003785,0.14636542239688216,0.14292730844796267,partial_be,True,0.8064833005894075,0.3094302554027644,0.02@4345.25:tp1;0.02@4332.93:be;0.02@4332.93:be;0.02@4332.93:be,6675.239999999972,57.919581839387504,2026-03
M15#6001500,M15,6001500,OB,buy,0.604,B,2026-03-24 19:30:00,2026-03-24 19:35:00,2026-03-25 01:16:00,341.0,4379.35,4379.35,4356.66,4392.96,4488.26,4379.35,4356.66,22.69000000000051,20.202857142857347,0.07,158.83000000000354,530.9399999999988,0.48999999999999994,-6.0,524.4499999999988,3.3428193666183152,3.301958068374911,tp2,True,5.304539444689157,0.3102688408990659,0.01@4392.96:tp1;0.01@4406.58:tp1;0.01@4433.81:tp1;0.04@4488.26:tp2,7199.6899999999705,61.22153990776241,2026-03
M5#6004177,M5,6004177,UW,buy,0.558,B,2026-03-25 03:00:00,2026-03-25 03:03:00,2026-03-25 03:36:00,33.0,4553.53,4553.53,4546.44,4557.78,4587.56,4553.53,4546.44,7.0900000000001455,10.452142857142851,0.24,170.1600000000035,382.86000000000786,1.68,0.0,381.18000000000785,2.25,2.240126939351199,tp2,True,4.895627644569721,0.14245416078974443,0.06@4557.78:tp1;0.06@4562.04:tp1;0.06@4570.55:tp1;0.06@4587.56:tp2,7580.869999999978,63.46166684711361,2026-03
M15#6001530,M15,6001530,UW,buy,0.62,B,2026-03-25 13:00:00,2026-03-25 14:28:00,2026-03-25 14:31:00,3.0,4550.78,4550.78,4527.97,4564.47,4660.27,4550.78,4527.97,22.80999999999949,13.53571428571448,0.07,159.6699999999964,-160.36999999999898,0.48999999999999994,0.0,-160.859999999999,-1.0043840420868202,-1.0074528715475832,sl,False,0.0,1.2766330556773582,0.01@4527.87:sl;0.01@4527.87:sl;0.01@4527.87:sl;0.04@4527.87:sl,7420.009999999979,62.45421397556603,2026-03
M30#6000749,M30,6000749,IMB,buy,0.569,B,2026-03-25 19:30:00,2026-03-26 07:58:00,2026-03-26 16:55:00,537.0,4447.68,4447.68,4407.16,4471.99,4642.18,4447.68,4407.16,40.52000000000044,24.752142857143035,0.04,162.08000000000175,24.0099999999984,0.28,0.0,23.729999999998398,0.14813672260610897,0.14640918065151864,partial_be,True,0.7778874629812238,0.8531589338598283,0.01@4471.99:tp1;0.01@4447.58:be;0.01@4447.58:be;0.01@4447.58:be,7443.739999999978,62.600623156217544,2026-03
M15#6001601,M15,6001601,IMB,buy,0.699,A,2026-03-27 19:00:00,2026-03-27 19:17:00,2026-03-27 21:42:00,145.0,4501.7,4501.7,4464.13,4524.24,4682.04,4501.7,4464.13,37.56999999999971,22.769285714285747,0.04,150.27999999999884,22.2400000000016,0.28,0.0,21.9600000000016,0.14799041788662345,0.14612722917222365,partial_be,True,0.7231833910034677,0.4024487623103542,0.01@4524.24:tp1;0.01@4501.60:be;0.01@4501.60:be;0.01@4501.60:be,7465.69999999998,62.74675038538977,2026-03
M10#6002398,M10,6002398,IMB,buy,0.699,A,2026-03-27 19:00:00,2026-03-27 19:17:00,2026-03-27 21:42:00,145.0,4501.7,4501.7,4475.87,4517.2,4625.68,4501.7,4475.87,25.829999999999927,17.7899999999999,0.06,154.9799999999996,15.000000000002728,0.42000000000000004,0.0,14.580000000002729,0.09678668215255368,0.09407665505228266,partial_be,True,1.051877661633765,0.585365853658534,0.01@4517.20:tp1;0.01@4501.60:be;0.01@4501.60:be;0.03@4501.60:be,7480.2799999999825,62.84082704044205,2026-03
M5#6004397,M5,6004397,IMB,sell,0.644,B,2026-03-30 02:55:00,2026-03-30 03:21:00,2026-03-30 04:10:00,49.0,4460.43,4460.43,4472.46,4453.21,4402.69,4472.46,4460.43,12.029999999999745,11.146428571428585,0.14,168.41999999999646,151.09000000000466,0.9800000000000001,0.0,150.11000000000467,0.8971024818905583,0.8912836955231435,partial_be,True,2.4505403158769896,0.5502909393183734,0.03@4453.21:tp1;0.03@4445.99:tp1;0.03@4431.56:tp1;0.05@4460.53:be,7630.389999999987,63.73211073596519,2026-03
M15#6001647,M15,6001647,IMB,buy,0.639,B,2026-03-31 05:45:00,2026-03-31 05:46:00,2026-03-31 06:47:00,61.0,4577.64,4577.64,4550.44,4593.96,4708.2,4577.64,4550.44,27.200000000000728,21.800714285714157,0.06,163.2000000000044,-163.8000000000011,0.42000000000000004,0.0,-164.22000000000108,-1.0036764705882149,-1.0062499999999794,sl,False,0.12279411764702745,1.0022058823529223,0.01@4550.34:sl;0.01@4550.34:sl;0.01@4550.34:sl;0.03@4550.34:sl,7466.1699999999855,62.72586073596521,2026-03
M5#6004517,M5,6004517,IMB,buy,0.652,A,2026-03-31 06:05:00,2026-03-31 06:18:00,2026-03-31 09:00:00,162.0,4565.19,4565.19,4545.59,4576.95,4659.27,4565.19,4545.59,19.599999999999454,10.425000000000052,0.08,156.79999999999563,22.92000000000371,0.56,0.0,22.360000000003712,0.14617346938778283,0.14260204081635416,partial_be,True,0.8433673469388324,0.8627551020408329,0.02@4576.95:tp1;0.02@4565.09:be;0.02@4565.09:be;0.02@4565.09:be,7488.529999999989,62.86846277678157,2026-03
M5#6004513,M5,6004513,OB,buy,0.559,B,2026-03-31 08:20:00,2026-03-31 10:19:00,2026-03-31 13:37:00,198.0,4547.68,4547.68,4539.35,4552.68,4587.66,4547.68,4539.35,8.329999999999927,6.537142857143018,0.2,166.59999999999854,174.4499999999971,1.4000000000000001,0.0,173.04999999999708,1.0471188475390072,1.0387154861944694,partial_be,True,3.285714285714301,0.5018007202881546,0.05@4552.68:tp1;0.05@4557.68:tp1;0.05@4567.67:tp1;0.05@4547.58:be,7661.579999999986,63.90717826297604,2026-03
M5#7002610,M5,7002610,UW,sell,0.625,B,2026-04-01 07:40:00,2026-04-01 09:27:00,2026-04-01 09:45:00,18.0,4710.95,4710.95,4724.1,4703.06,4647.83,4724.1,4710.95,13.150000000000546,4.830714285714488,0.13,170.9500000000071,22.669999999994616,0.91,0.0,21.759999999994616,0.13261187481716102,0.1272886809008114,partial_be,True,0.6380228136882113,0.5520912547528454,0.03@4703.06:tp1;0.03@4711.05:be;0.03@4711.05:be;0.04@4711.05:be,7683.339999999981,64.03446694387685,2026-04
M5#7002679,M5,7002679,IMB,buy,0.569,B,2026-04-02 02:45:00,2026-04-02 02:45:00,2026-04-02 02:51:00,6.0,4787.46,4787.46,4778.88,4792.61,4828.64,4787.46,4778.88,8.579999999999927,6.609999999999867,0.2,171.59999999999854,-173.60000000000585,1.4000000000000001,0.0,-175.00000000000585,-1.0116550116550542,-1.0198135198135625,sl,False,0.0,1.0734265734265869,0.05@4778.78:sl;0.05@4778.78:sl;0.05@4778.78:sl;0.05@4778.78:sl,7508.339999999976,63.01465342406329,2026-04
M15#6001714,M15,6001714,OB,buy,0.707,A,2026-04-02 19:45:00,2026-04-06 01:10:00,2026-04-06 01:47:00,37.0,4625.76,4625.76,4587.67,4648.61,4808.59,4625.76,4587.67,38.090000000000146,23.610000000000127,0.04,152.36000000000058,22.549999999998363,0.28,0.0,22.26999999999836,0.14800472564976552,0.1461669729587705,partial_be,True,0.6529272775006509,0.4494618009976326,0.01@4648.61:tp1;0.01@4625.66:be;0.01@4625.66:be;0.01@4625.66:be,7530.609999999974,63.160820397022064,2026-04
M5#7002794,M5,7002794,UW,buy,0.557,B,2026-04-06 09:35:00,2026-04-06 09:38:00,2026-04-06 10:12:00,34.0,4652.59,4652.59,4643.32,4658.15,4697.09,4652.59,4643.32,9.270000000000437,6.522142857143081,0.18,166.8600000000079,65.71999999999389,1.2600000000000002,0.0,64.45999999999388,0.3938631187821574,0.38631187822120844,partial_be,True,1.5954692556633514,0.331175836030158,0.04@4658.15:tp1;0.04@4663.71:tp1;0.04@4652.49:be;0.06@4652.49:be,7595.069999999968,63.54713227524327,2026-04
H1#6000425,H1,6000425,IMB,sell,0.608,B,2026-04-02 19:00:00,2026-04-06 12:30:00,2026-04-07 22:45:00,2055.0,4703.98,4703.98,4775.35,4661.16,4361.4,4775.35,4703.98,71.3700000000008,44.54857142857145,0.02,142.7400000000016,85.53999999999905,0.14,0.3,85.69999999999905,0.5992714025500777,0.6003923217037838,partial_be,True,1.3459436738125041,0.1263836345803606,0.01@4618.34:tp1;0.01@4704.08:be,7680.769999999967,64.14752459694705,2026-04
M30#6000834,M30,6000834,IMB,sell,0.634,B,2026-04-06 13:30:00,2026-04-07 22:45:00,2026-04-08 01:54:00,189.0,4711.8,4711.8,4783.89,4668.55,4365.77,4783.89,4711.8,72.09000000000015,16.664285714285793,0.02,144.1800000000003,-144.3799999999992,0.14,0.8999999999999999,-143.61999999999918,-1.0013871549451998,-0.9961159661534117,sl,False,0.22971285892634716,1.2491330281592454,0.01@4783.99:sl;0.01@4783.99:sl,7537.149999999968,63.15140863079364,2026-04
M5#7002966,M5,7002966,IMB,buy,0.653,A,2026-04-08 11:30:00,2026-04-08 17:33:00,2026-04-08 17:48:00,15.0,4752.03,4752.06,4736.44,4761.43,4827.04,4752.06,4736.44,15.6200000000008,7.367857142857182,0.11,171.8200000000088,18.17000000000371,0.77,0.0,17.40000000000371,0.10575020370156431,0.10126876964266569,partial_be,True,1.1453265044813963,0.16453265044811635,0.02@4761.43:tp1;0.02@4751.96:be;0.02@4751.96:be;0.05@4751.96:be,7554.549999999971,63.252677400436305,2026-04
M5#7003052,M5,7003052,OB,sell,0.574,B,2026-04-09 12:35:00,2026-04-09 13:24:00,2026-04-09 13:47:00,23.0,4734.2,4734.2,4743.3,4728.74,4690.52,4743.3,4734.2,9.100000000000364,4.976428571428706,0.19,172.9000000000069,-174.79999999999654,1.33,0.0,-176.12999999999656,-1.0109890109889506,-1.018681318681258,sl,False,0.0,1.018681318681326,0.04@4743.40:sl;0.04@4743.40:sl;0.04@4743.40:sl;0.07@4743.40:sl,7378.419999999975,62.233996081755045,2026-04
M5#7003198,M5,7003198,OB,sell,0.562,B,2026-04-10 08:00:00,2026-04-10 08:36:00,2026-04-10 08:45:00,9.0,4765.73,4765.73,4770.35,4762.96,4743.55,4770.35,4765.73,4.6200000000008,3.122857142857226,0.37,170.9400000000296,22.129999999985554,2.59,0.0,19.539999999985554,0.12946062946052253,0.11430911430901,partial_be,True,0.9242424242421617,0.6038961038959914,0.09@4762.96:tp1;0.09@4765.83:be;0.09@4765.83:be;0.1@4765.83:be,7397.95999999996,62.348305196064054,2026-04
M5#7003228,M5,7003228,OB,buy,0.57,B,2026-04-10 18:45:00,2026-04-10 19:06:00,2026-04-10 21:05:00,119.0,4751.78,4751.78,4745.92,4755.3,4779.91,4751.78,4745.92,5.859999999999673,8.785714285714286,0.29,169.93999999999053,171.4700000000148,2.0300000000000002,0.0,169.4400000000148,1.0090031775922346,0.9970577851007664,partial_be,True,2.865187713310734,0.7576791808873461,0.07@4755.30:tp1;0.07@4758.81:tp1;0.07@4765.84:tp1;0.08@4751.68:be,7567.399999999975,63.34536298116482,2026-04
M10#6002837,M10,6002837,OB,sell,0.6,B,2026-04-13 18:00:00,2026-04-13 19:18:00,2026-04-13 19:40:00,22.0,4727.49,4727.49,4738.47,4720.9,4674.79,4738.47,4727.49,10.980000000000473,11.273571428571618,0.15,164.7000000000071,-166.1999999999989,1.05,0.0,-167.24999999999892,-1.0091074681238115,-1.0154826958105143,sl,False,0.46630236794168217,1.051001821493659,0.03@4738.57:sl;0.03@4738.57:sl;0.03@4738.57:sl;0.06@4738.57:sl,7400.149999999976,62.32988028535431,2026-04
M5#7003454,M5,7003454,OB,buy,0.553,B,2026-04-15 06:15:00,2026-04-15 08:37:00,2026-04-15 08:43:00,6.0,4816.32,4816.32,4810.17,4820.01,4845.84,4816.32,4810.17,6.149999999999636,6.4950000000000205,0.28,172.19999999998984,23.730000000015025,1.9600000000000002,0.0,21.770000000015024,0.13780487804887587,0.126422764227737,partial_be,True,0.8260162601626386,0.5837398373984322,0.07@4820.01:tp1;0.07@4816.22:be;0.07@4816.22:be;0.07@4816.22:be,7421.919999999991,62.45630304958205,2026-04
M5#7003503,M5,7003503,OB,sell,0.579,B,2026-04-15 14:40:00,2026-04-15 14:46:00,2026-04-15 16:21:00,95.0,4809.63,4809.63,4818.4,4804.37,4767.53,4818.4,4809.63,8.769999999999527,4.318571428571237,0.19,166.629999999991,-168.52999999999793,1.33,0.0,-169.85999999999794,-1.0114025085519236,-1.019384264538241,sl,False,0.5906499429874186,1.1755986316990827,0.04@4818.50:sl;0.04@4818.50:sl;0.04@4818.50:sl;0.07@4818.50:sl,7252.059999999993,61.43691878504381,2026-04
M10#6002965,M10,6002965,OB,buy,0.631,B,2026-04-16 14:40:00,2026-04-16 15:11:00,2026-04-16 15:30:00,19.0,4813.79,4813.79,4807.07,4817.82,4846.05,4813.79,4807.07,6.720000000000255,5.0200000000001115,0.25,168.00000000000637,22.27999999999156,1.75,0.0,20.52999999999156,0.13261904761899235,0.12220238095232608,partial_be,True,0.715773809523842,0.3348214285714159,0.06@4817.82:tp1;0.06@4813.69:be;0.06@4813.69:be;0.07@4813.69:be,7272.589999999985,61.55912116599613,2026-04
M5#7003645,M5,7003645,IMB,buy,0.563,B,2026-04-17 05:20:00,2026-04-17 05:57:00,2026-04-17 09:18:00,201.0,4786.24,4786.24,4779.23,4790.45,4819.89,4786.24,4779.23,7.010000000000218,6.871428571428429,0.24,168.24000000000524,176.04000000000633,1.68,0.0,174.36000000000632,1.0463623395149837,1.0363766048502192,partial_be,True,2.833095577746072,0.2681883024251142,0.06@4790.45:tp1;0.06@4794.65:tp1;0.06@4803.06:tp1;0.06@4786.14:be,7446.949999999991,62.59549777084635,2026-04
M15#6002071,M15,6002071,IMB,buy,0.613,B,2026-04-20 06:45:00,2026-04-20 07:34:00,2026-04-20 10:54:00,200.0,4788.63,4788.63,4774.17,4797.31,4858.04,4788.63,4774.17,14.460000000000036,9.959999999999907,0.12,173.52000000000044,25.1399999999976,0.84,0.0,24.2999999999976,0.14488243430150724,0.14004149377591943,partial_be,True,1.185338865836811,0.6120331950207705,0.03@4797.31:tp1;0.03@4788.53:be;0.03@4788.53:be;0.03@4788.53:be,7471.249999999988,62.73553926462227,2026-04
M5#7003727,M5,7003727,OB,sell,0.568,B,2026-04-20 10:30:00,2026-04-20 14:53:00,2026-04-20 15:12:00,19.0,4806.62,4806.62,4813.0,4802.79,4776.0,4813.0,4806.62,6.380000000000109,5.299285714285686,0.27,172.26000000000295,-174.96000000001277,1.8900000000000001,0.0,-176.85000000001276,-1.0156739811912794,-1.0266457680251349,sl,False,0.5266457680250181,1.0376175548588993,0.06@4813.10:sl;0.06@4813.10:sl;0.06@4813.10:sl;0.09@4813.10:sl,7294.399999999975,61.708893496597135,2026-04
M5#7003724,M5,7003724,IMB,buy,0.648,B,2026-04-20 08:20:00,2026-04-20 08:44:00,2026-04-20 15:20:00,396.0,4781.34,4781.34,4774.17,4785.64,4815.76,4781.34,4774.17,7.170000000000073,3.8685714285713533,0.24,172.08000000000175,387.1799999999985,1.68,0.0,385.49999999999847,2.2499999999999685,2.240237099023678,tp2,True,5.368200836819999,0.21757322175737578,0.06@4785.64:tp1;0.06@4789.94:tp1;0.06@4798.55:tp1;0.06@4815.76:tp2,7679.899999999973,63.949130595620815,2026-04
M5#7003771,M5,7003771,IMB,buy,0.569,B,2026-04-20 15:15:00,2026-04-20 15:38:00,2026-04-20 15:58:00,20.0,4801.35,4801.35,4794.7,4805.34,4833.27,4801.35,4794.7,6.650000000000546,5.089285714285714,0.26,172.9000000000142,21.939999999991414,1.82,0.0,20.119999999991414,0.12689415847304578,0.11636784268357295,partial_be,True,1.0571428571427322,0.32631578947366835,0.06@4805.34:tp1;0.06@4801.25:be;0.06@4801.25:be;0.08@4801.25:be,7700.019999999965,64.06549843830439,2026-04
M10#6003068,M10,6003068,OB,sell,0.619,B,2026-04-20 21:00:00,2026-04-20 21:05:00,2026-04-21 01:00:00,235.0,4812.7,4812.7,4823.34,4806.32,4761.63,4823.34,4812.7,10.640000000000327,5.344999999999735,0.16,170.24000000000524,-171.8399999999965,1.12,0.0,-172.9599999999965,-1.00939849624055,-1.0159774436089708,sl,False,0.18515037593986786,1.5469924812029634,0.04@4823.44:sl;0.04@4823.44:sl;0.04@4823.44:sl;0.04@4823.44:sl,7527.059999999969,63.04952099469542,2026-04
M5#7003723,M5,7003723,IMB,buy,0.562,B,2026-04-21 10:10:00,2026-04-21 15:30:00,2026-04-21 16:06:00,36.0,4771.49,4771.49,4764.96,4775.41,4802.83,4771.49,4764.96,6.529999999999745,6.072142857142808,0.26,169.77999999999338,163.7800000000061,1.82,0.0,161.96000000000612,0.9646601484274502,0.9539403934504207,partial_be,True,2.9019908116386763,0.7764165390505217,0.06@4775.41:tp1;0.06@4779.33:tp1;0.06@4787.16:tp1;0.08@4771.39:be,7689.019999999975,64.00346138814584,2026-04
M5#7003883,M5,7003883,IMB,sell,0.664,A,2026-04-21 18:05:00,2026-04-21 18:10:00,2026-04-21 22:44:00,274.0,4745.64,4745.64,4760.88,4736.5,4672.49,4760.88,4745.64,15.239999999999782,10.014285714285766,0.11,167.6399999999976,493.77000000000317,0.77,0.0,493.0000000000032,2.9454187544739336,2.9408255786209154,tp2,True,5.0485564304462995,0.7992125984252274,0.02@4736.50:tp1;0.02@4727.35:tp1;0.02@4709.06:tp1;0.05@4672.49:tp2,8182.019999999979,66.94428696676675,2026-04
M30#6001050,M30,6001050,OB,buy,0.603,B,2026-04-22 02:30:00,2026-04-23 03:10:00,2026-04-23 05:08:00,118.0,4713.83,4713.83,4679.19,4734.61,4880.1,4713.83,4679.19,34.64000000000033,20.852142857142876,0.05,173.20000000000164,20.37999999999829,0.35000000000000003,0.0,20.02999999999829,0.1176674364895964,0.11564665127019688,partial_be,True,1.1426096997690403,0.5643764434180137,0.01@4734.61:tp1;0.01@4713.73:be;0.01@4713.73:be;0.02@4713.73:be,8202.049999999977,67.05993361803695,2026-04
M5#7004023,M5,7004023,IMB,sell,0.563,B,2026-04-23 13:35:00,2026-04-23 15:01:00,2026-04-23 15:05:00,4.0,4728.35,4728.35,4733.55,4725.23,4703.39,4733.55,4728.35,5.199999999999818,5.395714285714413,0.35,181.99999999999363,-185.49999999997453,2.45,0.0,-187.94999999997452,-1.019230769230665,-1.0326923076922039,sl,False,0.0,1.1442307692307743,0.08@4733.65:sl;0.08@4733.65:sl;0.08@4733.65:sl;0.11@4733.65:sl,8014.100000000003,66.02724131034475,2026-04
M15#6002199,M15,6002199,IMB,buy,0.618,B,2026-04-23 16:30:00,2026-04-23 17:00:00,2026-04-23 17:06:00,6.0,4719.51,4719.51,4705.82,4727.72,4785.22,4719.51,4705.82,13.69000000000051,10.968571428571522,0.13,177.97000000000662,23.62999999999647,0.91,0.0,22.71999999999647,0.1327751868292161,0.12766196549977876,partial_be,True,0.6734842951058438,0.16873630387146196,0.03@4727.72:tp1;0.03@4719.41:be;0.03@4719.41:be;0.04@4719.41:be,8036.82,66.15490327584453,2026-04
M10#6003272,M10,6003272,IMB,buy,0.636,B,2026-04-24 15:30:00,2026-04-24 15:49:00,2026-04-24 16:31:00,42.0,4692.47,4692.47,4680.54,4699.63,4749.73,4692.47,4680.54,11.930000000000291,9.357142857142922,0.15,178.95000000000437,20.279999999995198,1.05,0.0,19.229999999995197,0.11332774518018834,0.10746018440902334,partial_be,True,1.089689857502069,0.16261525565804374,0.03@4699.63:tp1;0.03@4692.37:be;0.03@4692.37:be;0.06@4692.37:be,8056.049999999995,66.26236346025355,2026-04
M10#6003283,M10,6003283,UW,buy,0.655,A,2026-04-24 23:30:00,2026-04-27 01:00:00,2026-04-27 01:06:00,6.0,4697.03,4697.03,4689.53,4701.53,4733.03,4697.03,4689.53,7.5,4.39714285714282,0.24,180.0,-182.3999999999869,1.68,-12.0,-196.0799999999869,-1.0133333333332606,-1.0893333333332607,sl,False,0.3920000000000679,1.528000000000005,0.06@4689.43:sl;0.06@4689.43:sl;0.06@4689.43:sl;0.06@4689.43:sl,7859.9700000000075,65.1730301269203,2026-04
M10#6003294,M10,6003294,IMB,sell,0.649,B,2026-04-27 02:30:00,2026-04-27 03:54:00,2026-04-27 04:02:00,8.0,4688.56,4688.56,4706.77,4677.63,4601.15,4706.77,4688.56,18.210000000000036,6.3985714285716835,0.09,163.89000000000036,-164.78999999999542,0.6300000000000001,0.0,-165.4199999999954,-1.0054914881932702,-1.0093355299285804,sl,False,0.0,1.0818231740801636,0.02@4706.87:sl;0.02@4706.87:sl;0.02@4706.87:sl;0.03@4706.87:sl,7694.550000000012,64.16369459699172,2026-04
M5#7004341,M5,7004341,OB,sell,0.582,B,2026-04-28 17:25:00,2026-04-28 17:33:00,2026-04-28 18:00:00,27.0,4577.88,4577.88,4586.34,4572.8,4537.27,4586.34,4577.88,8.460000000000036,10.368571428571483,0.2,169.20000000000073,177.15000000000603,1.4000000000000001,0.0,175.75000000000603,1.046985815602868,1.038711583924381,partial_be,True,2.400709219858193,0.3593380614657152,0.05@4572.80:tp1;0.05@4567.73:tp1;0.05@4557.58:tp1;0.05@4577.98:be,7870.300000000018,65.2024061809161,2026-04
M5#7004384,M5,7004384,IMB,buy,0.551,B,2026-04-29 06:10:00,2026-04-29 08:59:00,2026-04-29 09:07:00,8.0,4591.79,4591.79,4585.23,4595.73,4623.28,4591.79,4585.23,6.5600000000004,5.015714285714174,0.27,177.1200000000108,21.53999999998996,1.8900000000000001,0.0,19.64999999998996,0.12161246612459714,0.11094173441728071,partial_be,True,1.0381097560975587,0.237804878048827,0.06@4595.73:tp1;0.06@4591.69:be;0.06@4591.69:be;0.09@4591.69:be,7889.950000000008,65.31334791533338,2026-04
M5#7004416,M5,7004416,IMB,buy,0.587,B,2026-04-29 12:10:00,2026-04-29 12:29:00,2026-04-29 12:39:00,10.0,4568.12,4568.12,4563.27,4571.03,4591.4,4568.12,4563.27,4.849999999999454,5.187142857142979,0.36,174.59999999998035,-178.19999999999345,2.52,0.0,-180.71999999999346,-1.0206185567011083,-1.0350515463918315,sl,False,0.2742268041237272,1.0948453608247604,0.09@4563.17:sl;0.09@4563.17:sl;0.09@4563.17:sl;0.09@4563.17:sl,7709.230000000014,64.27829636894155,2026-04
M5#7004418,M5,7004418,OB,sell,0.626,B,2026-04-29 12:45:00,2026-04-29 13:16:00,2026-04-29 14:03:00,47.0,4572.18,4572.18,4579.55,4567.76,4536.8,4579.55,4572.18,7.369999999999891,5.563571428571452,0.24,176.87999999999738,24.72000000001026,1.68,0.0,23.04000000001026,0.13975576662149833,0.1302578018996529,partial_be,True,1.0868385345997744,0.6295793758479629,0.06@4567.76:tp1;0.06@4572.28:be;0.06@4572.28:be;0.06@4572.28:be,7732.270000000024,64.40855417084121,2026-04
M5#8002718,M5,8002718,IMB,buy,0.617,B,2026-05-01 18:15:00,2026-05-01 21:14:00,2026-05-01 21:37:00,23.0,4616.38,4616.38,4609.24,4620.66,4650.65,4616.38,4609.24,7.140000000000327,9.570000000000034,0.24,171.36000000000786,23.879999999991924,1.68,0.0,22.199999999991924,0.13935574229686526,0.12955182072823826,partial_be,True,1.0756302521008319,0.35714285714286625,0.06@4620.66:tp1;0.06@4616.28:be;0.06@4616.28:be;0.06@4616.28:be,7754.470000000016,64.53810599156945,2026-05
M5#8002881,M5,8002881,IMB,buy,0.552,B,2026-05-05 11:05:00,2026-05-05 13:53:00,2026-05-05 15:11:00,78.0,4542.5,4542.5,4537.72,4545.37,4565.44,4542.5,4537.72,4.779999999999745,4.359285714285696,0.37,176.85999999999058,410.11999999999534,2.59,0.0,407.52999999999537,2.3188963021599975,2.304251950695562,tp2,True,5.087866108786821,0.554393305439284,0.09@4545.37:tp1;0.09@4548.24:tp1;0.09@4553.97:tp1;0.1@4565.44:tp2,8162.000000000011,66.84235794226501,2026-05
M5#8002909,M5,8002909,IMB,buy,0.649,B,2026-05-05 16:35:00,2026-05-05 16:36:00,2026-05-05 17:13:00,37.0,4573.96,4573.96,4565.89,4578.8,4612.7,4573.96,4565.89,8.069999999999709,5.460714285714338,0.22,177.53999999999363,71.39999999999782,1.5400000000000003,0.0,69.85999999999781,0.4021628928692147,0.39348879125830977,partial_be,True,1.2627013630731063,0.2936802973977666,0.05@4578.80:tp1;0.05@4583.64:tp1;0.05@4573.86:be;0.07@4573.86:be,8231.860000000008,67.23584673352332,2026-05
M10#6003567,M10,6003567,OB,buy,0.6,B,2026-05-05 23:10:00,2026-05-06 01:04:00,2026-05-06 02:12:00,68.0,4550.84,4550.84,4543.7,4555.12,4585.11,4550.84,4543.7,7.140000000000327,4.10571428571432,0.25,178.50000000000819,419.8299999999899,1.75,0.0,418.0799999999899,2.351988795518043,2.342184873949416,tp2,True,5.193277310924121,0.645658263305374,0.06@4555.12:tp1;0.06@4559.41:tp1;0.06@4567.98:tp1;0.07@4585.11:tp2,8649.939999999999,69.57803160747274,2026-05
M5#8003153,M5,8003153,IMB,buy,0.64,B,2026-05-08 05:10:00,2026-05-08 05:16:00,2026-05-08 05:36:00,20.0,4719.92,4719.92,4711.44,4725.01,4760.62,4719.92,4711.44,8.480000000000473,6.689285714285559,0.21,178.08000000000996,-180.17999999999847,1.4700000000000002,0.0,-181.64999999999847,-1.0117924528301234,-1.0200471698112552,sl,False,0.4504716981131481,1.2558962264149813,0.05@4711.34:sl;0.05@4711.34:sl;0.05@4711.34:sl;0.06@4711.34:sl,8468.29,68.55798443766149,2026-05
M5#8003168,M5,8003168,UW,buy,0.586,B,2026-05-08 10:50:00,2026-05-08 15:11:00,2026-05-08 15:22:00,11.0,4706.3,4706.3,4701.39,4709.25,4729.87,4706.3,4701.39,4.9099999999998545,6.284285714285618,0.37,181.66999999999462,23.749999999988177,2.59,0.0,21.159999999988177,0.13073154621010008,0.1164749270654968,partial_be,True,0.8248472505092265,0.741344195519437,0.09@4709.25:tp1;0.09@4706.20:be;0.09@4706.20:be;0.1@4706.20:be,8489.44999999999,68.67445936472699,2026-05
M30#6001241,M30,6001241,OB,sell,0.576,B,2026-05-08 10:00:00,2026-05-08 16:52:00,2026-05-11 08:50:00,3838.0,4744.79,4744.79,4762.68,4734.06,4658.92,4762.68,4744.79,17.890000000000327,14.228571428571545,0.1,178.90000000000327,531.7599999999984,0.7000000000000001,0.6,531.6599999999984,2.9723868082727147,2.971827836780261,tp2,True,4.849636668529778,0.2789267747345221,0.02@4734.06:tp1;0.02@4723.32:tp1;0.02@4682.85:tp1;0.04@4658.92:tp2,9021.109999999988,71.64628720150725,2026-05
M5#8003212,M5,8003212,IMB,sell,0.55,B,2026-05-11 04:15:00,2026-05-11 04:22:00,2026-05-11 15:57:00,695.0,4700.55,4700.55,4714.35,4692.27,4634.31,4714.35,4700.55,13.800000000000182,9.67357142857132,0.13,179.40000000000236,173.4800000000023,0.91,0.0,172.5700000000023,0.9670011148272019,0.961928651059086,partial_be,True,3.802898550724556,0.37028985507243517,0.03@4692.27:tp1;0.03@4683.99:tp1;0.03@4667.43:tp1;0.04@4700.65:be,9193.67999999999,72.60821585256633,2026-05
M10#6003767,M10,6003767,IMB,buy,0.693,A,2026-05-11 17:50:00,2026-05-11 19:42:00,2026-05-12 02:52:00,430.0,4712.15,4712.15,4701.07,4718.8,4765.33,4712.15,4701.07,11.079999999999927,12.540714285714264,0.17,188.35999999999876,452.060000000005,1.1900000000000002,-2.5,448.370000000005,2.399978764068847,2.3803886175409215,tp2,True,5.1777978339351245,0.3691335740071537,0.04@4718.80:tp1;0.04@4725.45:tp1;0.04@4738.74:tp1;0.05@4765.33:tp2,9642.049999999994,74.98860447010725,2026-05
M5#8003271,M5,8003271,OB,buy,0.585,B,2026-05-12 17:10:00,2026-05-12 17:33:00,2026-05-12 17:51:00,18.0,4674.74,4674.74,4668.31,4678.6,4705.6,4674.74,4668.31,6.4299999999993815,9.58714285714281,0.3,192.89999999998147,79.4600000000146,2.1000000000000005,0.0,77.36000000001461,0.41192327630908365,0.4010368066356767,partial_be,True,2.06842923794735,0.612752721617415,0.07@4678.60:tp1;0.07@4682.46:tp1;0.07@4674.64:be;0.09@4674.64:be,9719.410000000009,75.38964127674292,2026-05
M5#8003519,M5,8003519,IMB,buy,0.67,A,2026-05-14 08:35:00,2026-05-14 08:59:00,2026-05-14 10:59:00,120.0,4691.13,4691.13,4683.69,4695.59,4726.84,4691.13,4683.69,7.440000000000509,5.309285714285904,0.26,193.44000000001324,186.6999999999971,1.82,0.0,184.8799999999971,0.9651571546732026,0.9557485525226657,partial_be,True,3.7190860215051313,0.6747311827957114,0.06@4695.59:tp1;0.06@4700.06:tp1;0.06@4708.99:tp1;0.08@4691.03:be,9904.290000000006,76.34538982926559,2026-05
M10#6003869,M10,6003869,OB,buy,0.688,A,2026-05-14 08:40:00,2026-05-14 08:59:00,2026-05-14 12:01:00,182.0,4690.93,4690.93,4675.12,4700.42,4766.82,4690.93,4675.12,15.8100000000004,8.600714285714275,0.12,189.7200000000048,84.7799999999952,0.84,0.0,83.9399999999952,0.44686907020869204,0.4424414927260862,partial_be,True,1.7628083491460584,0.30487033523089796,0.03@4700.42:tp1;0.03@4709.90:tp1;0.03@4690.83:be;0.03@4690.83:be,9988.230000000001,76.78783132199167,2026-05
M15#6002651,M15,6002651,OB,buy,0.613,B,2026-05-14 08:45:00,2026-05-14 08:59:00,2026-05-14 12:01:00,182.0,4690.93,4690.93,4675.12,4700.42,4766.82,4690.93,4675.12,15.8100000000004,10.327857142857154,0.12,189.7200000000048,84.7799999999952,0.84,0.0,83.9399999999952,0.44686907020869204,0.4424414927260862,partial_be,True,1.7628083491460584,0.30487033523089796,0.03@4700.42:tp1;0.03@4709.90:tp1;0.03@4690.83:be;0.03@4690.83:be,10072.169999999996,77.23027281471776,2026-05
M5#8003588,M5,8003588,IMB,sell,0.61,B,2026-05-15 03:55:00,2026-05-15 03:59:00,2026-05-15 04:03:00,4.0,4630.5,4630.5,4644.81,4621.91,4561.81,4644.81,4630.5,14.3100000000004,8.112142857142837,0.14,200.34000000000563,24.669999999996435,0.9800000000000001,0.0,23.689999999996434,0.12314066087648867,0.11824897673952166,partial_be,True,0.6296296296296273,0.0957372466806326,0.03@4621.91:tp1;0.03@4630.60:be;0.03@4630.60:be;0.05@4630.60:be,10095.859999999993,77.34852179145729,2026-05
M5#8003730,M5,8003730,OB,buy,0.597,B,2026-05-18 17:15:00,2026-05-18 17:22:00,2026-05-18 17:32:00,10.0,4555.54,4555.54,4547.36,4560.45,4594.8,4555.54,4547.36,8.180000000000291,8.809285714285513,0.24,196.32000000000698,27.65999999999258,1.68,0.0,25.97999999999258,0.1408924205378545,0.13233496332514086,partial_be,True,0.9376528117359169,0.11124694376525943,0.06@4560.45:tp1;0.06@4555.44:be;0.06@4555.44:be;0.06@4555.44:be,10121.839999999986,77.48085675478242,2026-05
M10#6003977,M10,6003977,OB,sell,0.64,B,2026-05-18 20:20:00,2026-05-18 22:03:00,2026-05-18 23:15:00,72.0,4563.5,4563.5,4575.66,4556.2,4505.13,4575.66,4563.5,12.159999999999854,8.588571428571479,0.16,194.55999999999767,86.7599999999984,1.12,0.0,85.6399999999984,0.4459292763157866,0.4401726973684181,partial_be,True,1.3659539473684106,0.12664473684210378,0.04@4556.20:tp1;0.04@4548.91:tp1;0.04@4563.60:be;0.04@4563.60:be,10207.479999999983,77.92102945215085,2026-05
M5#8003914,M5,8003914,OB,sell,0.645,B,2026-05-20 16:55:00,2026-05-20 17:16:00,2026-05-20 17:18:00,2.0,4496.08,4496.08,4505.15,4490.64,4452.54,4505.15,4496.08,9.069999999999709,5.992142857142816,0.22,199.53999999999363,25.499999999991815,1.5400000000000003,0.0,23.959999999991815,0.12779392602983175,0.12007617520292964,partial_be,True,0.82028665931641,0.7739801543550895,0.05@4490.64:tp1;0.05@4496.18:be;0.05@4496.18:be;0.07@4496.18:be,10231.439999999975,78.04110562735377,2026-05
M5#8003924,M5,8003924,IMB,buy,0.648,B,2026-05-21 09:30:00,2026-05-21 10:28:00,2026-05-21 13:26:00,178.0,4515.24,4515.24,4507.18,4520.08,4553.93,4515.24,4507.18,8.05999999999949,5.947857142857239,0.25,201.49999999998727,202.400000000006,1.75,0.0,200.650000000006,1.004466501240788,0.9957816377172143,partial_be,True,3.405707196029969,0.4317617866004694,0.06@4520.08:tp1;0.06@4524.91:tp1;0.06@4534.58:tp1;0.07@4515.14:be,10432.089999999982,79.03688726507099,2026-05
M5#8003995,M5,8003995,IMB,sell,0.559,B,2026-05-21 13:50:00,2026-05-21 14:03:00,2026-05-21 15:09:00,66.0,4518.45,4518.45,4532.01,4510.31,4453.36,4532.01,4518.45,13.5600000000004,6.868571428571548,0.15,203.400000000006,23.219999999993888,1.05,0.0,22.169999999993887,0.11415929203536482,0.10899705014745936,partial_be,True,0.7455752212388919,0.22271386430681028,0.03@4510.31:tp1;0.03@4518.55:be;0.03@4518.55:be;0.06@4518.55:be,10454.259999999977,79.14588431521845,2026-05
M5#8004024,M5,8004024,IMB,buy,0.675,A,2026-05-22 02:20:00,2026-05-22 03:59:00,2026-05-22 04:05:00,6.0,4526.11,4526.11,4518.35,4530.77,4563.36,4526.11,4518.35,7.759999999999309,1.9757142857142103,0.26,201.75999999998203,82.42000000001461,1.82,0.0,80.60000000001462,0.40850515463928405,0.3994845360825823,partial_be,True,1.3079896907218362,0.3286082474226159,0.06@4530.77:tp1;0.06@4535.42:tp1;0.06@4526.01:be;0.08@4526.01:be,10534.859999999991,79.54536885130103,2026-05
M15#6002884,M15,6002884,IMB,buy,0.648,B,2026-05-26 02:30:00,2026-05-26 03:10:00,2026-05-26 14:35:00,685.0,4548.79,4548.79,4509.68,4572.26,4736.52,4548.79,4509.68,39.10999999999967,4.342857142857156,0.05,195.54999999999836,-196.05000000000018,0.35000000000000003,0.0,-196.40000000000018,-1.0025568908207714,-1.0043467143953047,sl,False,0.11531577601637065,1.052671950907707,0.01@4509.58:sl;0.01@4509.58:sl;0.01@4509.58:sl;0.02@4509.58:sl,10338.459999999992,78.54102213690572,2026-05
M5#8004493,M5,8004493,IMB,buy,0.699,A,2026-05-28 16:20:00,2026-05-28 16:33:00,2026-05-28 17:19:00,46.0,4420.58,4420.58,4410.12,4426.86,4470.79,4420.58,4410.12,10.460000000000036,8.637142857142733,0.19,198.7400000000007,527.1900000000015,1.33,0.0,525.8600000000015,2.652661769145616,2.645969608533761,tp2,True,5.048757170172105,0.23613766730403882,0.04@4426.86:tp1;0.04@4433.13:tp1;0.04@4445.68:tp1;0.07@4470.79:tp2,10864.319999999992,81.18699174543949,2026-05
M10#6004383,M10,6004383,IMB,buy,0.616,B,2026-05-28 23:20:00,2026-05-29 01:08:00,2026-05-29 03:36:00,148.0,4494.68,4494.68,4485.89,4499.95,4536.87,4494.68,4485.89,8.789999999999964,4.482857142857223,0.23,202.16999999999916,24.549999999991087,1.6099999999999999,0.0,22.939999999991088,0.1214324578324736,0.11346886283816186,partial_be,True,0.6575654152445699,0.6461888509670437,0.05@4499.95:tp1;0.05@4494.58:be;0.05@4494.58:be;0.08@4494.58:be,10887.259999999984,81.30046060827765,2026-05
M15#6003008,M15,6003008,IMB,buy,0.693,A,2026-05-28 22:15:00,2026-05-28 22:58:00,2026-05-29 06:07:00,429.0,4497.56,4497.56,4485.89,4504.56,4553.58,4497.56,4485.89,11.670000000000073,7.605000000000018,0.17,198.39000000000124,83.09999999999674,1.1900000000000002,-8.5,73.40999999999674,0.4188719189475085,0.3700287312868405,partial_be,True,1.978577549271559,0.73350471293919,0.04@4504.56:tp1;0.04@4511.56:tp1;0.04@4497.46:be;0.05@4497.46:be,10960.66999999998,81.67048933956448,2026-05
M5#8004558,M5,8004558,OB,buy,0.61,B,2026-05-29 11:00:00,2026-05-29 11:04:00,2026-05-29 11:48:00,44.0,4519.29,4519.29,4511.77,4523.8,4555.39,4519.29,4511.77,7.519999999999527,4.152857142857101,0.27,203.03999999998723,-205.73999999999705,1.8900000000000001,0.0,-207.62999999999704,-1.0132978723404746,-1.022606382978773,sl,False,0.17819148936173268,1.0053191489362867,0.06@4511.67:sl;0.06@4511.67:sl;0.06@4511.67:sl;0.09@4511.67:sl,10753.039999999983,80.6478829565857,2026-05
M5#8004591,M5,8004591,IMB,buy,0.711,A,2026-05-29 18:55:00,2026-05-29 20:43:00,2026-05-29 23:51:00,188.0,4555.61,4555.61,4540.93,4564.42,4626.07,4555.61,4540.93,14.679999999999382,11.004285714285677,0.14,205.51999999999137,-206.91999999999643,0.9800000000000001,0.0,-207.89999999999642,-1.0068119891008425,-1.0115803814714148,sl,False,0.4121253405994848,1.0102179836512637,0.03@4540.83:sl;0.03@4540.83:sl;0.03@4540.83:sl;0.05@4540.83:sl,10545.139999999987,79.63630257511429,2026-05
H1#6000735,H1,6000735,IMB,buy,0.632,B,2026-05-29 04:00:00,2026-06-01 16:21:00,2026-06-02 04:51:00,750.0,4468.67,4468.67,4439.3,4486.29,4609.65,4468.67,4439.3,29.36999999999989,20.872142857142926,0.07,205.5899999999992,17.019999999997708,0.48999999999999994,-3.0,13.52999999999771,0.08278612772993713,0.06581059390047066,partial_be,True,0.9686755192373144,0.7163772557030998,0.01@4486.29:tp1;0.01@4468.57:be;0.01@4468.57:be;0.04@4468.57:be,10558.669999999984,79.70211316901475,2026-06
H1#6000746,H1,6000746,IMB,buy,0.6,B,2026-06-02 14:00:00,2026-06-02 15:54:00,2026-06-02 16:08:00,14.0,4515.17,4515.17,4499.44,4524.61,4590.67,4515.17,4499.44,15.730000000000473,14.733571428571395,0.13,204.49000000000615,27.319999999995158,0.91,0.0,26.409999999995158,0.13360066506916884,0.1291505697099827,partial_be,True,0.6071201525746913,0.14240305149394242,0.03@4524.61:tp1;0.03@4515.07:be;0.03@4515.07:be;0.04@4515.07:be,10585.079999999978,79.83126373872473,2026-06
M15#6003157,M15,6003157,UW,buy,0.662,A,2026-06-04 15:45:00,2026-06-04 17:09:00,2026-06-04 17:30:00,21.0,4489.91,4489.91,4482.25,4494.51,4526.68,4489.91,4482.25,7.6599999999998545,10.08142857142866,0.26,199.15999999999622,-201.76000000000565,1.82,0.0,-203.58000000000564,-1.013054830287254,-1.0221932114882983,sl,False,0.49738903394262046,1.001305483028749,0.06@4482.15:sl;0.06@4482.15:sl;0.06@4482.15:sl;0.08@4482.15:sl,10381.499999999973,78.80907052723643,2026-06
M5#9003096,M5,9003096,OB,buy,0.553,B,2026-06-05 04:10:00,2026-06-05 09:15:00,2026-06-05 14:51:00,336.0,4434.67,4434.67,4427.41,4439.03,4469.52,4434.67,4427.41,7.260000000000218,6.0614285714284835,0.28,203.28000000000614,457.380000000001,1.9600000000000002,0.0,455.42000000000104,2.249999999999937,2.2403581267217003,tp2,True,5.5055096418731475,0.8030303030302689,0.07@4439.03:tp1;0.07@4443.38:tp1;0.07@4452.09:tp1;0.07@4469.52:tp2,10836.919999999975,81.04942865395813,2026-06
M15#6003181,M15,6003181,OB,buy,0.621,B,2026-06-05 14:45:00,2026-06-05 15:30:00,2026-06-05 15:50:00,20.0,4449.15,4449.15,4436.65,4456.65,4509.15,4449.15,4436.65,12.5,5.720714285714361,0.16,200.0,-201.59999999999124,1.12,0.0,-202.71999999999124,-1.0079999999999563,-1.0135999999999563,sl,False,0.5736000000000058,1.1743999999999506,0.04@4436.55:sl;0.04@4436.55:sl;0.04@4436.55:sl;0.04@4436.55:sl,10634.199999999983,80.03582865395818,2026-06
M10#6004699,M10,6004699,OB,sell,0.603,B,2026-06-08 17:40:00,2026-06-08 17:45:00,2026-06-08 18:45:00,60.0,4324.42,4324.42,4341.02,4314.46,4244.74,4341.02,4324.42,16.600000000000364,9.710000000000102,0.12,199.20000000000437,-200.39999999999782,0.84,0.0,-201.23999999999782,-1.0060240963855092,-1.0102409638553886,sl,False,0.4228915662650225,1.0120481927710732,0.03@4341.12:sl;0.03@4341.12:sl;0.03@4341.12:sl;0.03@4341.12:sl,10432.959999999985,79.02558769010278,2026-06
M5#9003619,M5,9003619,IMB,buy,0.578,B,2026-06-12 04:00:00,2026-06-12 04:04:00,2026-06-12 04:13:00,9.0,4185.87,4185.87,4175.8,4191.91,4234.21,4185.87,4175.8,10.069999999999709,8.367857142857117,0.2,201.39999999999418,28.700000000008007,1.4000000000000001,0.0,27.30000000000801,0.14250248262169235,0.13555114200600196,partial_be,True,0.7328699106256527,0.28202581926516657,0.05@4191.91:tp1;0.05@4185.77:be;0.05@4185.77:be;0.05@4185.77:be,10460.259999999993,79.16113883210879,2026-06
M10#6004994,M10,6004994,OB,sell,0.673,A,2026-06-16 18:30:00,2026-06-16 18:57:00,2026-06-16 21:01:00,124.0,4341.73,4341.73,4354.3,4334.19,4281.39,4354.3,4341.73,12.570000000000618,7.5271428571429295,0.16,201.1200000000099,89.67999999999665,1.12,0.0,88.55999999999665,0.4459029435162701,0.4403341288782433,partial_be,True,1.275258552108111,0.4311853619730084,0.04@4334.19:tp1;0.04@4326.65:tp1;0.04@4341.83:be;0.04@4341.83:be,10548.819999999989,79.60147296098704,2026-06
M30#6001610,M30,6001610,IMB,sell,0.669,A,2026-06-16 06:00:00,2026-06-17 20:33:00,2026-06-17 21:13:00,40.0,4379.08,4379.08,4400.2,4366.41,4277.7,4400.2,4379.08,21.11999999999989,8.642142857142906,0.09,190.07999999999905,481.53999999999996,0.6300000000000001,0.0,480.90999999999997,2.5333543771043896,2.5300399831649956,tp2,True,4.802556818181814,0.15767045454545192,0.02@4366.41:tp1;0.02@4353.74:tp1;0.02@4328.39:tp1;0.03@4277.70:tp2,11029.729999999989,82.13151294415204,2026-06
H1#6000819,H1,6000819,IMB,buy,0.626,B,2026-06-16 05:00:00,2026-06-17 21:13:00,2026-06-17 22:38:00,85.0,4281.11,4281.11,4219.28,4318.21,4577.89,4281.11,4219.28,61.82999999999993,15.500714285714432,0.03,185.48999999999978,-185.78999999999817,0.21,0.0,-185.99999999999818,-1.0016173378618707,-1.0027494743651864,sl,False,0.8209606986899608,1.0008086689309426,0.01@4219.18:sl;0.02@4219.18:sl,10843.72999999999,81.12876346978685,2026-06
M30#6001710,M30,6001710,IMB,buy,0.656,A,2026-06-17 06:00:00,2026-06-17 21:13:00,2026-06-17 22:38:00,85.0,4280.35,4280.35,4219.28,4316.99,4573.49,4280.35,4219.28,61.07000000000062,7.8464285714285325,0.03,183.21000000000186,-183.5100000000002,0.21,0.0,-183.7200000000002,-1.0016374652038553,-1.0027836908465604,sl,False,0.8436220730309318,1.000818732601935,0.01@4219.18:sl;0.02@4219.18:sl,10660.009999999991,80.12597977894029,2026-06
M15#6003469,M15,6003469,IMB,buy,0.663,A,2026-06-18 09:30:00,2026-06-18 10:36:00,2026-06-18 11:45:00,69.0,4294.65,4294.65,4279.14,4303.96,4369.1,4294.65,4279.14,15.509999999999309,8.669285714285902,0.13,201.629999999991,-202.92999999999574,0.91,0.0,-203.83999999999574,-1.0064474532559877,-1.0109606705351626,sl,False,0.2798194713088549,1.0025789813023833,0.03@4279.04:sl;0.03@4279.04:sl;0.03@4279.04:sl;0.04@4279.04:sl,10456.169999999995,79.11501910840512,2026-06
M5#9004106,M5,9004106,IMB,buy,0.693,A,2026-06-22 04:30:00,2026-06-22 04:31:00,2026-06-22 05:00:00,29.0,4200.89,4200.89,4189.22,4207.89,4256.91,4200.89,4189.22,11.670000000000073,8.341428571428619,0.17,198.39000000000124,-200.09000000000742,1.1900000000000002,0.0,-201.28000000000742,-1.0085689802913764,-1.014567266495318,sl,False,0.36760925449870924,1.0882604970009124,0.04@4189.12:sl;0.04@4189.12:sl;0.04@4189.12:sl;0.05@4189.12:sl,10254.889999999987,78.1004518419098,2026-06
M30#6001801,M30,6001801,OB,buy,0.55,B,2026-06-22 12:00:00,2026-06-22 16:27:00,2026-06-22 17:32:00,65.0,4188.38,4188.38,4171.56,4198.47,4269.12,4188.38,4171.56,16.81999999999971,10.334999999999841,0.12,201.8399999999965,90.20999999999913,0.84,0.0,89.36999999999912,0.4469381688466146,0.4427764565992899,partial_be,True,1.3275862068965705,0.3240190249702683,0.03@4198.47:tp1;0.03@4208.56:tp1;0.03@4188.28:be;0.03@4188.28:be,10344.259999999986,78.54322829850909,2026-06
M30#6001693,M30,6001693,IMB,buy,0.62,B,2026-06-19 07:30:00,2026-06-19 07:54:00,2026-06-23 06:21:00,5667.0,4131.47,4131.47,4101.98,4149.16,4273.02,4131.47,4101.98,29.49000000000069,11.893571428571574,0.06,176.94000000000418,123.55999999999767,0.42000000000000004,-3.5,119.63999999999767,0.6983158132700054,0.676161410647648,partial_be,True,3.029501525940931,0.3350288233299382,0.01@4149.16:tp1;0.01@4166.86:tp1;0.01@4202.25:tp1;0.03@4131.37:be,10463.899999999983,79.21938970915674,2026-06
M5#9004394,M5,9004394,IMB,buy,0.56,B,2026-06-25 03:10:00,2026-06-25 03:13:00,2026-06-25 03:18:00,5.0,4008.01,4008.01,4000.56,4012.48,4043.77,4008.01,4000.56,7.450000000000273,5.33571428571424,0.27,201.15000000000737,-203.8500000000049,1.8900000000000001,0.0,-205.7400000000049,-1.0134228187919336,-1.0228187919462957,sl,False,0.03758389261741411,1.0067114093959362,0.06@4000.46:sl;0.06@4000.46:sl;0.06@4000.46:sl;0.09@4000.46:sl,10258.159999999978,78.19657091721045,2026-06
M5#9004453,M5,9004453,OB,buy,0.59,B,2026-06-26 01:30:00,2026-06-26 02:49:00,2026-06-26 03:25:00,36.0,4016.75,4016.75,4007.99,4022.01,4058.8,4016.75,4007.99,8.760000000000218,3.26357142857153,0.23,201.48000000000502,24.500000000002732,1.6099999999999999,0.0,22.890000000002733,0.12160015882470777,0.1136092912447993,partial_be,True,0.7522831050228289,0.6015981735159647,0.05@4022.01:tp1;0.05@4016.65:be;0.05@4016.65:be;0.08@4016.65:be,10281.049999999981,78.31018020845525,2026-06
M15#6003660,M15,6003660,UW,buy,0.693,A,2026-06-26 23:30:00,2026-06-29 01:18:00,2026-06-29 02:22:00,64.0,4056.41,4056.41,4044.9,4063.32,4111.66,4056.41,4044.9,11.509999999999764,5.939285714285851,0.17,195.66999999999598,81.98000000000184,1.1900000000000002,0.0,80.79000000000184,0.418970716001449,0.412889047886766,partial_be,True,1.231972198088669,0.27801911381406463,0.04@4063.32:tp1;0.04@4070.22:tp1;0.04@4056.31:be;0.05@4056.31:be,10361.839999999984,78.72306925634201,2026-06
M5#9004729,M5,9004729,OB,sell,0.608,B,2026-06-30 13:25:00,2026-06-30 13:28:00,2026-06-30 14:45:00,77.0,4028.39,4028.39,4035.64,4024.04,3993.59,4035.64,4028.39,7.25,3.747857142857096,0.28,203.00000000000003,-205.79999999999745,1.9600000000000002,0.0,-207.75999999999746,-1.0137931034482632,-1.0234482758620562,sl,False,0.40413793103446016,1.2110344827586483,0.07@4035.74:sl;0.07@4035.74:sl;0.07@4035.74:sl;0.07@4035.74:sl,10154.079999999987,77.69962098047996,2026-06
M5#9004721,M5,9004721,IMB,buy,0.666,A,2026-06-30 12:45:00,2026-06-30 15:56:00,2026-06-30 17:10:00,74.0,4011.11,4011.11,4003.31,4015.79,4048.55,4011.11,4003.31,7.800000000000182,3.964285714285747,0.26,202.80000000000473,496.0799999999963,1.82,0.0,494.2599999999963,2.446153846153771,2.437179487179412,tp2,True,4.808974358974217,0.32435897435899247,0.06@4015.79:tp1;0.06@4020.47:tp1;0.06@4029.83:tp1;0.08@4048.55:tp2,10648.339999999984,80.13680046765937,2026-06
M5#9004749,M5,9004749,OB,buy,0.615,B,2026-06-30 17:15:00,2026-06-30 18:21:00,2026-06-30 20:05:00,104.0,4023.86,4023.86,4013.52,4030.06,4073.49,4023.86,4013.52,10.340000000000146,9.197857142857108,0.2,206.8000000000029,29.50000000000046,1.4000000000000001,0.0,28.10000000000046,0.14264990328820137,0.13588007736943938,partial_be,True,1.053191489361675,0.16924564796904984,0.05@4030.06:tp1;0.05@4023.76:be;0.05@4023.76:be;0.05@4023.76:be,10676.439999999984,80.2726805450288,2026-06
M10#6005432,M10,6005432,IMB,buy,0.661,A,2026-06-30 12:50:00,2026-06-30 15:56:00,2026-06-30 23:35:00,459.0,4011.11,4011.11,3988.52,4024.66,4119.54,4011.11,3988.52,22.590000000000146,6.301428571428622,0.09,203.31000000000134,80.81999999999925,0.6300000000000001,0.0,80.18999999999926,0.39752102700309244,0.3944223107569659,partial_be,True,2.308100929614853,0.11199645861001256,0.02@4024.66:tp1;0.02@4038.22:tp1;0.02@4011.01:be;0.03@4011.01:be,10756.629999999983,80.66710285578577,2026-06
M15#6003712,M15,6003712,IMB,buy,0.643,B,2026-06-30 13:00:00,2026-06-30 15:56:00,2026-06-30 23:35:00,459.0,4011.11,4011.11,3989.44,4024.11,4115.13,4011.11,3989.44,21.670000000000073,8.994999999999989,0.09,195.03000000000068,181.7199999999998,0.6300000000000001,0.0,181.0899999999998,0.9317540891144909,0.9285238168486857,partial_be,True,2.4060913705583618,0.11675126903554184,0.02@4024.11:tp1;0.02@4037.11:tp1;0.02@4063.12:tp1;0.03@4011.01:be,10937.719999999983,81.59562667263445,2026-06
M30#6001871,M30,6001871,IMB,buy,0.615,B,2026-06-30 13:30:00,2026-06-30 15:56:00,2026-06-30 23:35:00,459.0,4011.11,4011.11,3985.0,4026.78,4136.44,4011.11,3985.0,26.110000000000127,14.087857142857112,0.07,182.77000000000086,46.500000000000455,0.48999999999999994,0.0,46.01000000000045,0.2544181211358551,0.251737155988402,partial_be,True,1.9969360398314675,0.0968977403293829,0.01@4026.78:tp1;0.01@4042.44:tp1;0.01@4011.01:be;0.04@4011.01:be,10983.729999999983,81.84736382862286,2026-06
M5#10002674,M5,10002674,IMB,buy,0.618,B,2026-07-01 03:40:00,2026-07-01 03:41:00,2026-07-01 04:05:00,24.0,3997.31,3997.31,3988.52,4002.58,4039.5,3997.31,3988.52,8.789999999999964,3.504999999999914,0.23,202.16999999999916,-204.4699999999971,1.6099999999999999,0.0,-206.0799999999971,-1.011376564277578,-1.0193401592718898,sl,False,0.26166097838454966,1.4573378839590443,0.05@3988.42:sl;0.05@3988.42:sl;0.05@3988.42:sl;0.08@3988.42:sl,10777.649999999987,80.82802366935097,2026-07
M5#9004805,M5,9004805,OB,buy,0.588,B,2026-07-01 06:05:00,2026-07-01 06:33:00,2026-07-01 06:44:00,11.0,3977.69,3977.69,3972.48,3980.82,4002.7,3977.69,3972.48,5.210000000000036,4.11000000000003,0.39,203.19000000000142,25.17000000000371,2.73,0.0,22.44000000000371,0.12387420640781306,0.11043850583199741,partial_be,True,0.8522072936660314,0.22456813819578975,0.09@3980.82:tp1;0.09@3977.59:be;0.09@3977.59:be;0.12@3977.59:be,10800.089999999991,80.93846217518296,2026-07
M15#6003750,M15,6003750,IMB,buy,0.73,A,2026-07-01 15:30:00,2026-07-01 16:08:00,2026-07-01 16:44:00,36.0,4015.03,4015.03,3998.66,4024.85,4093.61,4015.03,3998.66,16.370000000000346,8.907857142857113,0.12,196.44000000000415,441.9899999999984,0.84,0.0,441.14999999999844,2.2499999999999445,2.2457238851557175,tp2,True,5.200366524129374,0.14477703115456905,0.03@4024.85:tp1;0.03@4034.67:tp1;0.03@4054.32:tp1;0.03@4093.61:tp2,11241.239999999989,83.18418606033867,2026-07
M10#6005525,M10,6005525,IMB,sell,0.645,B,2026-07-01 23:40:00,2026-07-02 01:06:00,2026-07-02 03:06:00,120.0,4039.61,4039.61,4051.2,4032.66,3983.98,4051.2,4039.61,11.58999999999969,6.208571428571498,0.18,208.61999999999446,26.400000000002365,1.2600000000000002,0.0,25.140000000002363,0.1265458728789333,0.1205061834915302,partial_be,True,0.7471958584987132,0.5056082830025737,0.04@4032.66:tp1;0.04@4039.71:be;0.04@4039.71:be;0.06@4039.71:be,11266.379999999992,83.3046922438302,2026-07
M5#10002839,M5,10002839,IMB,sell,0.569,B,2026-07-02 01:15:00,2026-07-02 01:46:00,2026-07-02 03:10:00,84.0,4041.94,4041.94,4051.2,4036.38,3997.49,4051.2,4041.94,9.259999999999764,3.423571428571482,0.22,203.71999999999483,26.100000000001277,1.5400000000000003,0.0,24.560000000001278,0.12811702336541303,0.1205576281170327,partial_be,True,1.186825053995687,0.3812095032397231,0.05@4036.38:tp1;0.05@4042.04:be;0.05@4042.04:be;0.07@4042.04:be,11290.939999999993,83.42524987194723,2026-07
M5#10002852,M5,10002852,OB,buy,0.58,B,2026-07-02 04:10:00,2026-07-02 04:33:00,2026-07-02 04:45:00,12.0,4046.67,4046.67,4039.22,4051.14,4082.43,4046.67,4039.22,7.450000000000273,6.647142857142983,0.28,208.60000000000767,29.82000000000153,1.9600000000000002,0.0,27.86000000000153,0.14295302013423028,0.1335570469798682,partial_be,True,1.1691275167784856,0.19194630872486426,0.07@4051.23:tp1;0.07@4046.57:be;0.07@4046.57:be;0.07@4046.57:be,11318.799999999996,83.5588069189271,2026-07
M5#10002910,M5,10002910,OB,buy,0.63,B,2026-07-02 16:50:00,2026-07-02 17:10:00,2026-07-02 17:20:00,10.0,4124.25,4124.25,4112.97,4131.02,4178.39,4124.25,4112.97,11.279999999999745,11.075000000000014,0.18,203.03999999999544,25.679999999996653,1.2600000000000002,0.0,24.41999999999665,0.12647754137114475,0.12027186761227936,partial_be,True,1.0593971631205752,0.09397163120571135,0.04@4131.02:tp1;0.04@4124.15:be;0.04@4124.15:be;0.06@4124.15:be,11343.219999999992,83.67907878653938,2026-07
M5#10002955,M5,10002955,IMB,buy,0.655,A,2026-07-03 08:55:00,2026-07-03 09:02:00,2026-07-03 09:11:00,9.0,4167.52,4167.52,4161.6,4171.07,4195.94,4167.52,4161.6,5.920000000000073,3.9528571428569585,0.36,213.12000000000262,29.24999999998363,2.52,0.0,26.72999999998363,0.1372466216215431,0.12542229729721893,partial_be,True,0.6182432432432111,0.501689189189226,0.09@4171.07:tp1;0.09@4167.42:be;0.09@4167.42:be;0.09@4167.42:be,11369.949999999975,83.8045010838366,2026-07
M10#6005578,M10,6005578,IMB,buy,0.671,A,2026-07-03 09:00:00,2026-07-03 09:02:00,2026-07-03 16:09:00,427.0,4167.52,4167.52,4150.89,4177.5,4247.34,4167.52,4150.89,16.63000000000011,4.614999999999976,0.12,199.5600000000013,29.039999999995416,0.84,0.0,28.199999999995416,0.14552014431747456,0.1413108839446544,partial_be,True,1.1371016235718419,0.4269392663860684,0.03@4177.50:tp1;0.03@4167.42:be;0.03@4167.42:be;0.03@4167.42:be,11398.14999999997,83.94581196778125,2026-07
M5#10002954,M5,10002954,IMB,buy,0.672,A,2026-07-03 15:05:00,2026-07-03 17:08:00,2026-07-06 02:28:00,3440.0,4159.21,4159.21,4150.89,4164.2,4199.15,4159.21,4150.89,8.319999999999709,2.718571428571327,0.25,207.99999999999272,489.21999999999485,1.75,-3.5000000000000004,483.96999999999485,2.3520192307692884,2.326778846153903,tp2,True,5.111778846153994,0.4663461538461833,0.06@4164.20:tp1;0.06@4169.19:tp1;0.06@4179.18:tp1;0.07@4199.15:tp2,11882.119999999966,86.27259081393515,2026-07
M10#6005609,M10,6005609,OB,sell,0.626,B,2026-07-06 03:20:00,2026-07-06 03:45:00,2026-07-06 04:03:00,18.0,4187.83,4187.83,4200.4,4180.29,4127.49,4200.4,4187.83,12.569999999999709,9.062142857142785,0.17,213.68999999999505,89.57999999999629,1.1900000000000002,0.0,88.38999999999629,0.41920539098693604,0.4136365763489089,partial_be,True,1.20127287191732,0.2800318217979728,0.04@4180.29:tp1;0.04@4172.75:tp1;0.04@4187.93:be;0.05@4187.93:be,11970.509999999962,86.68622739028406,2026-07
M15#6003873,M15,6003873,IMB,sell,0.622,B,2026-07-08 22:15:00,2026-07-09 09:00:00,2026-07-09 11:23:00,143.0,4091.99,4091.99,4116.48,4077.3,3974.44,4116.48,4091.99,24.48999999999978,10.06357142857142,0.08,195.91999999999825,-196.72000000000116,0.56,0.0,-197.28000000000117,-1.004083299305854,-1.0069416088199414,sl,False,0.1490404246631143,1.0592078399346974,0.02@4116.58:sl;0.02@4116.58:sl;0.02@4116.58:sl;0.02@4116.58:sl,11773.229999999961,85.67928578146412,2026-07
M5#10003240,M5,10003240,IMB,sell,0.706,A,2026-07-09 08:05:00,2026-07-09 09:00:00,2026-07-09 11:23:00,143.0,4097.8,4097.8,4116.71,4086.45,4007.03,4116.71,4097.8,18.909999999999854,4.083571428571498,0.11,208.0099999999984,-209.1100000000024,0.77,0.0,-209.8800000000024,-1.0052882072977454,-1.0089899524061536,sl,False,0.5002644103648921,1.064516129032272,0.02@4116.81:sl;0.02@4116.81:sl;0.02@4116.81:sl;0.05@4116.81:sl,11563.349999999959,84.67029582905796,2026-07
M10#6005715,M10,6005715,IMB,sell,0.645,B,2026-07-09 08:10:00,2026-07-09 09:00:00,2026-07-09 11:23:00,143.0,4097.8,4097.8,4116.48,4086.59,4008.14,4116.48,4097.8,18.67999999999938,5.8585714285714925,0.11,205.4799999999932,-206.5799999999972,0.77,0.0,-207.3499999999972,-1.0053533190578354,-1.0091006423983067,sl,False,0.5064239828693977,1.0776231263383713,0.02@4116.58:sl;0.02@4116.58:sl;0.02@4116.58:sl;0.05@4116.58:sl,11355.999999999962,83.66119518665965,2026-07
M30#6001957,M30,6001957,IMB,sell,0.591,B,2026-07-08 22:30:00,2026-07-09 09:00:00,2026-07-09 15:08:00,368.0,4091.99,4091.99,4118.15,4076.29,3966.42,4118.15,4091.99,26.159999999999854,16.964999999999918,0.08,209.27999999999884,-210.08000000000175,0.56,0.0,-210.64000000000175,-1.0038226299694328,-1.0064984709480262,sl,False,0.13952599388377893,1.0443425076452895,0.02@4118.25:sl;0.02@4118.25:sl;0.02@4118.25:sl;0.02@4118.25:sl,11145.35999999996,82.65469671571162,2026-07
M5#10003352,M5,10003352,UW,sell,0.557,B,2026-07-09 18:30:00,2026-07-09 18:43:00,2026-07-09 19:13:00,30.0,4130.74,4130.74,4135.54,4127.86,4107.7,4135.54,4130.74,4.800000000000182,4.822857142857044,0.44,211.200000000008,28.379999999989195,3.08,0.0,25.299999999989197,0.13437499999994376,0.11979166666661098,partial_be,True,1.0916666666665797,0.38125000000015985,0.11@4127.86:tp1;0.11@4130.84:be;0.11@4130.84:be;0.11@4130.84:be,11170.659999999949,82.77448838237824,2026-07
M30#6001969,M30,6001969,IMB,buy,0.585,B,2026-07-09 13:30:00,2026-07-09 13:52:00,2026-07-10 11:49:00,1317.0,4095.96,4095.96,4084.11,4103.07,4152.84,4095.96,4084.11,11.849999999999909,10.3892857142858,0.17,201.44999999999845,198.57999999999856,1.1900000000000002,-2.5,194.88999999999857,0.9857532886572354,0.9674360883593947,partial_be,True,3.5232067510548792,0.18565400843880464,0.04@4103.07:tp1;0.04@4110.18:tp1;0.04@4124.40:tp1;0.05@4095.86:be,11365.549999999948,83.74192447073763,2026-07
M15#6003988,M15,6003988,IMB,buy,0.705,A,2026-07-14 17:45:00,2026-07-14 18:42:00,2026-07-15 05:18:00,636.0,4068.98,4068.98,4030.85,4091.86,4252.0,4068.98,4030.85,38.13000000000011,16.74857142857143,0.05,190.65000000000055,-191.1500000000001,0.35000000000000003,-7.5,-199.00000000000009,-1.0026226068712276,-1.0437975347495385,sl,False,0.1964332546551209,1.033831628638866,0.01@4030.75:sl;0.01@4030.75:sl;0.01@4030.75:sl;0.02@4030.75:sl,11166.549999999948,82.69812693598809,2026-07
M5#10003672,M5,10003672,IMB,buy,0.779,A,2026-07-15 16:35:00,2026-07-15 17:46:00,2026-07-15 18:10:00,24.0,4053.67,4053.67,4040.0,4061.87,4119.29,4053.67,4040.0,13.670000000000073,7.120000000000053,0.15,205.0500000000011,23.400000000000546,1.05,0.0,22.350000000000545,0.11411850768105546,0.1089978054133159,partial_be,True,0.6737381126554489,0.040965618141912394,0.03@4061.87:tp1;0.03@4053.57:be;0.03@4053.57:be;0.06@4053.57:be,11188.899999999949,82.8071247414014,2026-07
M10#6005927,M10,6005927,IMB,buy,0.628,B,2026-07-15 22:50:00,2026-07-16 03:59:00,2026-07-16 04:23:00,24.0,4047.07,4047.07,4038.89,4051.98,4086.33,4047.07,4038.89,8.180000000000291,7.242857142857084,0.26,212.68000000000757,-215.2800000000052,1.82,0.0,-217.1000000000052,-1.012224938875294,-1.0207823960880076,sl,False,0.40586797066009667,1.1381418092909064,0.06@4038.79:sl;0.06@4038.79:sl;0.06@4038.79:sl;0.08@4038.79:sl,10971.799999999943,81.78634234531339,2026-07
M10#6005932,M10,6005932,IMB,sell,0.608,B,2026-07-15 23:50:00,2026-07-16 01:00:00,2026-07-16 04:28:00,208.0,4064.66,4064.66,4070.81,4060.97,4035.14,4070.81,4064.66,6.150000000000091,5.331428571428497,0.35,215.25000000000318,531.3599999999956,2.45,5.25,534.1599999999955,2.4685714285713716,2.481579558652672,tp2,True,4.991869918699083,0.28455284552845106,0.08@4060.97:tp1;0.08@4057.28:tp1;0.08@4049.90:tp1;0.11@4035.14:tp2,11505.95999999994,84.26792190396606,2026-07
M30#6001994,M30,6001994,OB,sell,0.578,B,2026-07-14 15:30:00,2026-07-14 15:33:00,2026-07-16 15:16:00,2863.0,4101.51,4101.51,4119.32,4090.82,4016.02,4119.32,4101.51,17.80999999999949,9.255000000000043,0.11,195.9099999999944,577.0500000000025,0.77,3.0,579.2800000000025,2.9454851717626407,2.956867949568777,tp2,True,4.989893318360633,0.09882088714201905,0.02@4090.82:tp1;0.02@4080.14:tp1;0.02@4058.77:tp1;0.05@4016.02:tp2,12085.239999999942,87.22478985353483,2026-07
M5#10003790,M5,10003790,IMB,buy,0.645,B,2026-07-16 18:55:00,2026-07-16 18:56:00,2026-07-16 19:04:00,8.0,4007.01,4007.01,3998.99,4011.82,4045.51,4007.01,3998.99,8.020000000000437,6.422857142857116,0.27,216.5400000000118,-219.24000000000933,1.8900000000000001,0.0,-221.13000000000932,-1.0124688279301626,-1.0211970074812842,sl,False,0.07730673316706448,1.00997506234413,0.06@3998.89:sl;0.06@3998.89:sl;0.06@3998.89:sl;0.09@3998.89:sl,11864.109999999931,86.20359284605354,2026-07
M10#6006028,M10,6006028,UW,sell,0.63,B,2026-07-20 01:40:00,2026-07-20 03:20:00,2026-07-20 03:59:00,39.0,4001.29,4001.29,4009.89,3996.13,3960.01,4009.89,4001.29,8.599999999999909,5.716428571428586,0.25,214.99999999999773,-217.49999999999545,1.75,0.0,-219.24999999999545,-1.0116279069767338,-1.0197674418604548,sl,False,0.33488372093024876,1.0220930232558205,0.06@4009.99:sl;0.06@4009.99:sl;0.06@4009.99:sl;0.07@4009.99:sl,11644.859999999935,85.18382540419309,2026-07
M5#10003922,M5,10003922,IMB,sell,0.674,A,2026-07-20 01:30:00,2026-07-20 03:20:00,2026-07-20 04:02:00,42.0,4002.27,4002.27,4015.44,3994.37,3939.05,4015.44,4002.27,13.170000000000073,4.564285714285753,0.16,210.72000000000116,-212.3199999999997,1.12,0.0,-213.4399999999997,-1.0075930144267204,-1.0129081245254297,sl,False,0.2930903568716861,1.0311313591496056,0.04@4015.54:sl;0.04@4015.54:sl;0.04@4015.54:sl;0.04@4015.54:sl,11431.419999999935,84.17091727966766,2026-07
M15#6004036,M15,6004036,OB,sell,0.61,B,2026-07-17 19:45:00,2026-07-20 05:48:00,2026-07-20 11:02:00,314.0,4024.25,4024.25,4038.33,4015.8,3956.67,4038.33,4024.25,14.079999999999927,11.691428571428528,0.15,211.1999999999989,75.15000000000053,1.05,0.0,74.10000000000053,0.355823863636368,0.3508522727272771,partial_be,True,1.5767045454545408,0.3075284090909055,0.03@4015.80:tp1;0.03@4007.35:tp1;0.03@4024.35:be;0.06@4024.35:be,11505.519999999935,84.52176955239494,2026-07
M5#10003971,M5,10003971,IMB,sell,0.648,B,2026-07-20 16:50:00,2026-07-20 18:09:00,2026-07-20 19:06:00,57.0,4017.48,4017.48,4024.89,4013.03,3981.91,4024.89,4017.48,7.4099999999998545,4.715714285714349,0.29,214.8899999999958,28.95000000000073,2.0300000000000002,0.0,26.92000000000073,0.13472008934804455,0.1252733956908244,partial_be,True,0.9446693657220159,0.3022941970310156,0.07@4013.03:tp1;0.07@4017.58:be;0.07@4017.58:be;0.08@4017.58:be,11532.439999999935,84.64704294808577,2026-07
M5#10004014,M5,10004014,UW,buy,0.645,B,2026-07-21 04:30:00,2026-07-21 04:39:00,2026-07-21 04:56:00,17.0,4023.59,4023.59,4018.26,4026.79,4049.17,4023.59,4018.26,5.329999999999927,5.10714285714289,0.4,213.1999999999971,28.99999999998727,2.8000000000000003,0.0,26.19999999998727,0.13602251407123672,0.12288930581607706,partial_be,True,0.8630393996247602,0.20637898686686282,0.1@4026.79:tp1;0.1@4023.49:be;0.1@4023.49:be;0.1@4023.49:be,11558.639999999923,84.76993225390184,2026-07
M30#6002073,M30,6002073,UW,sell,0.557,B,2026-07-20 19:00:00,2026-07-21 03:51:00,2026-07-21 05:36:00,105.0,4025.15,4025.15,4040.66,4015.84,3950.7,4040.66,4025.15,15.509999999999764,9.821428571428571,0.13,201.62999999999693,-202.93000000000166,0.91,0.0,-203.84000000000165,-1.0064474532559875,-1.0109606705351621,sl,False,0.42553191489361764,1.2972275950999483,0.03@4040.76:sl;0.03@4040.76:sl;0.03@4040.76:sl;0.04@4040.76:sl,11354.799999999921,83.75897158336669,2026-07
M15#6004149,M15,6004149,IMB,buy,0.656,A,2026-07-22 10:30:00,2026-07-22 10:41:00,2026-07-22 15:56:00,315.0,4111.69,4111.69,4099.44,4119.04,4170.49,4111.69,4099.44,12.25,6.337857142856982,0.17,208.25,87.30000000000929,1.1900000000000002,0.0,86.1100000000093,0.4192076830732739,0.4134933973589882,partial_be,True,1.8669387755102693,0.42367346938772243,0.04@4119.04:tp1;0.04@4126.39:tp1;0.04@4111.59:be;0.05@4111.59:be,11440.90999999993,84.17246498072568,2026-07
M5#10004347,M5,10004347,IMB,buy,0.687,A,2026-07-24 18:35:00,2026-07-24 18:43:00,2026-07-24 19:30:00,47.0,4071.99,4071.99,4064.72,4076.35,4106.89,4071.99,4064.72,7.269999999999982,5.723571428571469,0.29,210.8299999999995,28.320000000002896,2.0300000000000002,0.0,26.290000000002895,0.13432623440688216,0.12469762367785873,partial_be,True,0.8239339752407498,0.24484181568084593,0.07@4076.35:tp1;0.07@4071.89:be;0.07@4071.89:be;0.08@4071.89:be,11467.199999999933,84.29716260440354,2026-07
M5#10004676,M5,10004676,OB,sell,0.629,B,2026-07-30 10:00:00,2026-07-30 10:01:00,2026-07-30 10:04:00,3.0,4041.88,4041.88,4047.96,4038.23,4012.7,4047.96,4041.88,6.079999999999927,4.902142857142865,0.35,212.79999999999745,-216.29999999999427,2.45,0.0,-218.74999999999426,-1.0164473684210378,-1.0279605263157747,sl,False,0.0,1.0476973684210473,0.08@4048.06:sl;0.08@4048.06:sl;0.08@4048.06:sl;0.11@4048.06:sl,11248.449999999939,83.26920207808776,2026-07
M15#6004503,M15,6004503,IMB,buy,0.666,A,2026-08-05 12:15:00,2026-08-05 12:21:00,2026-08-05 17:10:00,289.0,4157.1,4157.1,4142.02,4166.15,4229.48,4157.1,4142.02,15.079999999999927,8.91071428571422,0.14,211.119999999999,551.919999999991,0.9800000000000001,0.0,550.939999999991,2.6142478211443425,2.6096059113300187,tp2,True,5.002652519893897,0.4701591511936459,0.03@4166.15:tp1;0.03@4175.20:tp1;0.03@4193.29:tp1;0.05@4229.48:tp2,11799.38999999993,85.87880798941778,2026-08
M10#6006666,M10,6006666,OB,buy,0.641,B,2026-08-05 23:30:00,2026-08-05 23:47:00,2026-08-06 02:35:00,168.0,4243.81,4243.81,4238.63,4246.92,4268.67,4243.81,4238.63,5.180000000000291,5.397857142857187,0.43,222.74000000001254,540.7799999999797,3.0100000000000002,-16.5,521.2699999999797,2.427853102271479,2.3402621890991755,tp2,True,5.96525096525056,0.1698841698841814,0.1@4246.92:tp1;0.1@4250.03:tp1;0.1@4256.24:tp1;0.13@4268.67:tp2,12320.65999999991,88.21907017851696,2026-08
M5#11003056,M5,11003056,IMB,buy,0.679,A,2026-08-05 17:45:00,2026-08-05 19:03:00,2026-08-06 03:55:00,532.0,4225.75,4225.75,4210.75,4234.75,4297.75,4225.75,4210.75,15.0,10.063571428571517,0.14,210.00000000000003,549.0,0.9800000000000001,-2.5,545.52,2.614285714285714,2.5977142857142854,tp2,True,4.964000000000002,0.07399999999997817,0.03@4234.75:tp1;0.03@4243.75:tp1;0.03@4261.75:tp1;0.05@4297.75:tp2,12866.179999999911,90.81678446423125,2026-08
M5#11003136,M5,11003136,OB,sell,0.622,B,2026-08-06 16:10:00,2026-08-06 16:37:00,2026-08-06 16:42:00,5.0,4256.13,4256.13,4270.29,4247.63,4188.16,4270.29,4256.13,14.159999999999854,7.488571428571309,0.16,226.55999999999767,-228.16000000000352,1.12,0.0,-229.28000000000353,-1.0070621468926813,-1.01200564971754,sl,False,0.0,1.1659604519774285,0.04@4270.39:sl;0.04@4270.39:sl;0.04@4270.39:sl;0.04@4270.39:sl,12636.899999999907,89.80477881451371,2026-08
M5#11003144,M5,11003144,IMB,buy,0.551,B,2026-08-06 17:35:00,2026-08-06 18:17:00,2026-08-06 18:23:00,6.0,4258.58,4258.58,4252.24,4262.38,4289.01,4258.58,4252.24,6.3400000000001455,8.458571428571434,0.36,228.24000000000524,-231.83999999998557,2.52,0.0,-234.35999999998558,-1.015772870662374,-1.0268138801260962,sl,False,0.0,1.2618296529968165,0.09@4252.14:sl;0.09@4252.14:sl;0.09@4252.14:sl;0.09@4252.14:sl,12402.53999999992,88.77796493438761,2026-08
M10#6006718,M10,6006718,IMB,buy,0.635,B,2026-08-06 17:40:00,2026-08-06 18:17:00,2026-08-06 18:35:00,18.0,4258.58,4258.58,4248.18,4264.82,4308.5,4258.58,4248.18,10.399999999999636,12.33214285714283,0.22,228.79999999999202,-231.0,1.5400000000000003,0.0,-232.54,-1.0096153846154199,-1.0163461538461893,sl,False,0.05480769230766624,1.097115384615409,0.05@4248.08:sl;0.05@4248.08:sl;0.05@4248.08:sl;0.07@4248.08:sl,12169.99999999992,87.76161878054143,2026-08
M10#6006658,M10,6006658,IMB,buy,0.713,A,2026-08-05 17:50:00,2026-08-05 19:03:00,2026-08-06 19:16:00,1453.0,4225.75,4225.75,4206.67,4237.2,4317.33,4225.75,4206.67,19.079999999999927,13.183571428571538,0.11,209.8799999999992,159.77999999999702,0.77,-3.5000000000000004,155.509999999997,0.761292166952533,0.7409472079283286,partial_be,True,4.104297693920372,0.05817610062891388,0.02@4237.20:tp1;0.02@4248.65:tp1;0.02@4271.54:tp1;0.05@4225.65:be,12325.509999999917,88.50256598846975,2026-08
M5#11003308,M5,11003308,UW,sell,0.605,B,2026-08-10 04:30:00,2026-08-10 05:29:00,2026-08-10 07:13:00,104.0,4332.09,4332.09,4340.79,4326.87,4290.33,4340.79,4332.09,8.699999999999818,5.48642857142886,0.25,217.49999999999545,92.66000000001166,1.75,0.0,90.91000000001166,0.42602298850580966,0.41797701149431526,partial_be,True,1.6402298850574513,0.0793103448276464,0.06@4326.87:tp1;0.06@4321.65:tp1;0.06@4332.19:be;0.07@4332.19:be,12416.419999999927,88.92054299996407,2026-08
M15#6004583,M15,6004583,OB,buy,0.617,B,2026-08-07 17:30:00,2026-08-10 04:05:00,2026-08-10 15:26:00,681.0,4325.16,4325.16,4309.33,4334.66,4401.14,4325.16,4309.33,15.829999999999927,18.097142857142767,0.14,221.619999999999,84.70000000000435,0.9800000000000001,0.0,83.72000000000435,0.3821857233101919,0.3777637397347023,partial_be,True,2.323436512950089,0.7593177511054695,0.03@4334.66:tp1;0.03@4344.16:tp1;0.03@4325.06:be;0.05@4325.06:be,12500.139999999932,89.29830673969877,2026-08
M30#6002339,M30,6002339,OB,buy,0.624,B,2026-08-07 18:00:00,2026-08-10 04:05:00,2026-08-10 15:26:00,681.0,4325.16,4325.16,4309.33,4334.66,4401.14,4325.16,4309.33,15.829999999999927,19.171428571428546,0.14,221.619999999999,84.70000000000435,0.9800000000000001,0.0,83.72000000000435,0.3821857233101919,0.3777637397347023,partial_be,True,2.323436512950089,0.7593177511054695,0.03@4334.66:tp1;0.03@4344.16:tp1;0.03@4325.06:be;0.05@4325.06:be,12583.859999999937,89.67607047943348,2026-08
M10#6006757,M10,6006757,OB,buy,0.681,A,2026-08-07 17:30:00,2026-08-10 04:05:00,2026-08-10 16:52:00,767.0,4323.82,4323.82,4309.33,4332.51,4393.37,4323.82,4309.33,14.489999999999782,17.615714285714084,0.15,217.34999999999673,181.98000000000775,1.05,0.0,180.93000000000774,0.8372670807453899,0.8324361628709936,partial_be,True,2.630779848171185,0.7370600414078359,0.03@4332.51:tp1;0.03@4341.21:tp1;0.03@4358.60:tp1;0.06@4323.72:be,12764.789999999944,90.50850664230447,2026-08
M5#11003492,M5,11003492,OB,buy,0.599,B,2026-08-12 08:30:00,2026-08-12 08:30:00,2026-08-12 08:35:00,5.0,4391.33,4391.33,4386.92,4393.98,4412.5,4391.33,4386.92,4.4099999999998545,3.0892857142857792,0.51,224.90999999999258,92.57999999998536,3.5700000000000003,0.0,89.00999999998535,0.4116313191942929,0.3957583033212765,partial_be,True,1.2630385487528102,0.4920634920635248,0.12@4393.98:tp1;0.12@4396.62:tp1;0.12@4391.23:be;0.15@4391.23:be,12853.79999999993,90.90426494562574,2026-08
M10#6006950,M10,6006950,OB,sell,0.614,B,2026-08-13 14:30:00,2026-08-13 15:30:00,2026-08-13 15:48:00,18.0,4396.63,4396.63,4406.25,4390.86,4350.45,4406.25,4396.63,9.61999999999989,4.132142857143078,0.23,221.2599999999975,85.2500000000091,1.6099999999999999,0.0,83.6400000000091,0.3852933200759742,0.3780168127994669,partial_be,True,1.6434511434511092,0.510395010395001,0.05@4390.86:tp1;0.05@4385.09:tp1;0.05@4396.73:be;0.08@4396.73:be,12937.439999999939,91.28228175842521,2026-08
M10#6006972,M10,6006972,OB,sell,0.626,B,2026-08-14 14:40:00,2026-08-14 16:32:00,2026-08-14 17:00:00,28.0,4390.13,4390.13,4401.78,4383.14,4334.21,4401.78,4390.13,11.649999999999636,4.3292857142857555,0.19,221.3499999999931,26.460000000007316,1.33,0.0,25.130000000007314,0.11953919132599115,0.11353060763500383,partial_be,True,0.604291845493578,0.6111587982832715,0.04@4383.14:tp1;0.04@4390.23:be;0.04@4390.23:be;0.07@4390.23:be,12962.569999999945,91.39581236606021,2026-08
M5#11003790,M5,11003790,IMB,buy,0.67,A,2026-08-17 15:20:00,2026-08-17 15:26:00,2026-08-17 15:31:00,5.0,4384.06,4384.06,4379.5,4386.8,4405.95,4384.06,4379.5,4.5600000000004,3.214285714285649,0.5,228.00000000002,95.91999999998006,3.5,0.0,92.41999999998006,0.42070175438584057,0.40535087719285945,partial_be,True,1.3026315789471663,0.4385964912280317,0.12@4386.80:tp1;0.12@4389.53:tp1;0.12@4383.96:be;0.14@4383.96:be,13054.989999999925,91.80116324325307,2026-08
M10#6007120,M10,6007120,UW,buy,0.625,B,2026-08-18 17:10:00,2026-08-18 17:32:00,2026-08-18 17:53:00,21.0,4388.9,4388.9,4376.32,4396.45,4449.28,4388.9,4376.32,12.579999999999927,9.293571428571536,0.18,226.43999999999875,-228.23999999998887,1.2600000000000002,0.0,-229.49999999998886,-1.0079491255961408,-1.0135135135134699,sl,False,0.581875993640752,1.3100158982511652,0.04@4376.22:sl;0.04@4376.22:sl;0.04@4376.22:sl;0.06@4376.22:sl,12825.489999999936,90.7876497297396,2026-08
M5#11003951,M5,11003951,UW,buy,0.677,A,2026-08-18 17:00:00,2026-08-18 17:32:00,2026-08-18 17:53:00,21.0,4388.9,4388.9,4376.32,4396.45,4449.28,4388.9,4376.32,12.579999999999927,7.969285714285759,0.18,226.43999999999875,-228.23999999998887,1.2600000000000002,0.0,-229.49999999998886,-1.0079491255961408,-1.0135135135134699,sl,False,0.581875993640752,1.3100158982511652,0.04@4376.22:sl;0.04@4376.22:sl;0.04@4376.22:sl;0.06@4376.22:sl,12595.989999999947,89.77413621622613,2026-08
M10#6007005,M10,6007005,OB,buy,0.612,B,2026-08-19 02:50:00,2026-08-19 04:02:00,2026-08-19 13:17:00,555.0,4326.89,4326.89,4318.34,4332.02,4367.93,4326.89,4318.34,8.550000000000182,5.052142857142891,0.26,222.30000000000473,543.7799999999934,1.82,0.0,541.9599999999933,2.446153846153764,2.4379667116508403,tp2,True,4.811695906432578,0.28771929824561215,0.06@4332.02:tp1;0.06@4337.15:tp1;0.06@4347.41:tp1;0.08@4367.93:tp2,13137.94999999994,92.21210292787697,2026-08
M30#6002456,M30,6002456,IMB,sell,0.624,B,2026-08-19 15:00:00,2026-08-19 15:33:00,2026-08-19 15:36:00,3.0,4377.5,4377.5,4391.12,4369.33,4312.12,4391.12,4377.5,13.61999999999989,9.354999999999889,0.16,217.91999999999825,-219.52000000000407,1.12,0.0,-220.64000000000408,-1.0073421439060473,-1.0124816446402618,sl,False,0.0,1.4170337738619925,0.04@4391.22:sl;0.04@4391.22:sl;0.04@4391.22:sl;0.04@4391.22:sl,12917.309999999936,91.19962128323671,2026-08
M5#11003888,M5,11003888,IMB,sell,0.567,B,2026-08-19 15:35:00,2026-08-19 15:38:00,2026-08-19 15:41:00,3.0,4412.03,4412.03,4420.06,4407.21,4373.49,4420.06,4412.03,8.030000000000655,4.693571428571366,0.28,224.84000000001836,-227.64000000000308,1.9600000000000002,0.0,-229.6000000000031,-1.012453300124464,-1.0211706102116365,sl,False,0.34869240348680497,1.1195516811955115,0.07@4420.16:sl;0.07@4420.16:sl;0.07@4420.16:sl;0.07@4420.16:sl,12687.709999999934,90.17845067302507,2026-08
M5#11004068,M5,11004068,IMB,buy,0.552,B,2026-08-20 01:45:00,2026-08-20 01:59:00,2026-08-20 02:23:00,24.0,4517.32,4517.32,4511.16,4521.02,4546.89,4517.32,4511.16,6.1599999999998545,2.861428571428665,0.36,221.75999999999476,30.600000000021282,2.52,0.0,28.080000000021283,0.13798701298711222,0.1266233766234756,partial_be,True,1.0194805194806498,0.3360389610389217,0.09@4521.02:tp1;0.09@4517.22:be;0.09@4517.22:be;0.09@4517.22:be,12715.789999999955,90.30507404964854,2026-08
M15#6004839,M15,6004839,OB,buy,0.6,B,2026-08-20 04:30:00,2026-08-20 04:53:00,2026-08-20 07:33:00,160.0,4487.85,4487.85,4475.32,4495.37,4547.99,4487.85,4475.32,12.530000000000655,7.702857142857023,0.18,225.54000000001184,28.679999999993015,1.2600000000000002,0.0,27.419999999993014,0.12716147911674874,0.12157488693797806,partial_be,True,1.0566640063846042,0.2729449321628008,0.04@4495.37:tp1;0.04@4487.75:be;0.04@4487.75:be;0.06@4487.75:be,12743.209999999948,90.42664893658652,2026-08
M10#6007224,M10,6007224,OB,buy,0.623,B,2026-08-21 06:20:00,2026-08-21 06:29:00,2026-08-21 08:17:00,108.0,4531.31,4531.31,4522.24,4536.75,4574.85,4531.31,4522.24,9.070000000000618,8.874285714285893,0.25,226.75000000001546,96.61999999998807,1.75,0.0,94.86999999998807,0.426108048511495,0.4183902976845936,partial_be,True,1.8324145534728509,0.5148842337375694,0.06@4536.75:tp1;0.06@4542.19:tp1;0.06@4531.21:be;0.07@4531.21:be,12838.079999999936,90.84503923427111,2026-08
M5#11004257,M5,11004257,IMB,sell,0.646,B,2026-08-24 03:45:00,2026-08-24 03:48:00,2026-08-24 04:00:00,12.0,4612.68,4612.68,4628.44,4603.22,4537.03,4628.44,4612.68,15.759999999999309,8.946428571428637,0.14,220.63999999999035,-222.03999999999542,0.9800000000000001,0.0,-223.0199999999954,-1.0063451776649979,-1.0107868020304802,sl,False,0.0755076142131759,1.053299492385856,0.03@4628.54:sl;0.03@4628.54:sl;0.03@4628.54:sl;0.05@4628.54:sl,12615.059999999941,89.83425243224063,2026-08
M5#11004263,M5,11004263,IMB,buy,0.574,B,2026-08-24 05:55:00,2026-08-24 21:08:00,2026-08-24 21:38:00,30.0,4626.57,4626.57,4618.94,4631.15,4663.19,4626.57,4618.94,7.630000000000109,8.468571428571522,0.29,221.2700000000032,94.68000000000669,2.0300000000000002,0.0,92.65000000000668,0.42789352374928963,0.4187192118226843,partial_be,True,2.044560943643531,0.192660550458627,0.07@4631.15:tp1;0.07@4635.73:tp1;0.07@4626.47:be;0.08@4626.47:be,12707.709999999948,90.25297164406332,2026-08
M5#11004415,M5,11004415,UW,buy,0.663,A,2026-08-26 09:35:00,2026-08-26 11:15:00,2026-08-26 12:16:00,61.0,4623.81,4623.81,4613.21,4630.17,4674.69,4623.81,4613.21,10.600000000000364,5.1592857142857484,0.21,222.60000000000767,30.199999999992542,1.4700000000000002,0.0,28.729999999992543,0.13566936208441824,0.12906558849951283,partial_be,True,0.6905660377357979,0.16037735849062917,0.05@4630.17:tp1;0.05@4623.71:be;0.05@4623.71:be;0.06@4623.71:be,12736.43999999994,90.38203723256284,2026-08
M30#6002566,M30,6002566,OB,sell,0.586,B,2026-08-26 19:30:00,2026-08-27 01:18:00,2026-08-27 04:40:00,202.0,4611.54,4611.54,4631.83,4599.37,4514.15,4631.83,4611.54,20.289999999999964,14.414285714285727,0.11,223.1899999999996,-224.2900000000036,0.77,0.0,-225.0600000000036,-1.004928536224759,-1.008378511582078,sl,False,0.5160177427303777,1.0,0.02@4631.93:sl;0.02@4631.93:sl;0.02@4631.93:sl;0.05@4631.93:sl,12511.379999999937,89.37365872098076,2026-08
M5#11004565,M5,11004565,IMB,buy,0.66,A,2026-08-27 08:10:00,2026-08-27 08:31:00,2026-08-27 08:44:00,13.0,4612.36,4612.36,4605.54,4616.45,4645.1,4612.36,4605.54,6.819999999999709,2.6014285714285768,0.33,225.0599999999904,-228.36000000000243,2.31,0.0,-230.67000000000243,-1.0146627565982946,-1.0249266862170634,sl,False,0.2771260997068047,1.058651026392911,0.08@4605.44:sl;0.08@4605.44:sl;0.08@4605.44:sl;0.09@4605.44:sl,12280.709999999935,88.3487320347637,2026-08
M5#11004612,M5,11004612,OB,buy,0.624,B,2026-08-28 02:45:00,2026-08-28 02:48:00,2026-08-28 03:16:00,28.0,4597.37,4597.37,4590.62,4601.42,4629.77,4597.37,4590.62,6.75,2.5421428571429323,0.33,222.75,29.900000000015098,2.31,0.0,27.5900000000151,0.13423120089793533,0.12386083052756498,partial_be,True,0.7970370370370532,0.5733333333333172,0.08@4601.42:tp1;0.08@4597.27:be;0.08@4597.27:be;0.09@4597.27:be,12308.29999999995,88.47259286529126,2026-08
M5#11004679,M5,11004679,IMB,buy,0.623,B,2026-08-28 10:20:00,2026-08-28 14:06:00,2026-08-28 15:32:00,86.0,4596.84,4596.84,4588.76,4601.69,4635.62,4596.84,4588.76,8.079999999999927,6.126428571428538,0.27,218.15999999999804,26.999999999989083,1.8900000000000001,0.0,25.109999999989082,0.12376237623757483,0.11509900990094109,partial_be,True,0.8836633663365696,0.7042079207921486,0.06@4601.69:tp1;0.06@4596.74:be;0.06@4596.74:be;0.09@4596.74:be,12333.40999999994,88.5876918751922,2026-08
M5#11004751,M5,11004751,IMB,buy,0.615,B,2026-08-31 07:15:00,2026-08-31 07:24:00,2026-08-31 14:27:00,423.0,4416.56,4416.56,4407.23,4422.16,4461.34,4416.56,4407.23,9.330000000000837,4.217142857142854,0.23,214.59000000001924,554.1899999999914,1.6099999999999999,0.0,552.5799999999914,2.582552775059144,2.5750500955307416,tp2,True,4.869239013933044,0.3654876741693953,0.05@4422.16:tp1;0.05@4427.76:tp1;0.05@4438.95:tp1;0.08@4461.34:tp2,12885.98999999993,91.16274197072295,2026-08
M30#6002481,M30,6002481,IMB,buy,0.712,A,2026-08-28 22:30:00,2026-08-31 05:03:00,2026-08-31 16:51:00,708.0,4424.13,4424.13,4373.51,4454.5,4667.11,4424.13,4373.51,50.61999999999989,30.400714285714326,0.04,202.47999999999956,30.0699999999988,0.28,0.0,29.7899999999988,0.14850849466613425,0.14712564203871425,partial_be,True,0.7927696562623507,0.5393125246938016,0.01@4454.50:tp1;0.01@4424.03:be;0.01@4424.03:be;0.01@4424.03:be,12915.77999999993,91.30986761276166,2026-08
H1#6001151,H1,6001151,IMB,buy,0.679,A,2026-08-28 23:00:00,2026-08-31 05:03:00,2026-08-31 16:51:00,708.0,4424.13,4424.13,4374.05,4454.18,4664.51,4424.13,4374.05,50.07999999999993,31.514999999999937,0.04,200.3199999999997,29.74999999999909,0.28,0.0,29.46999999999909,0.14851238019168897,0.1471146166134142,partial_be,True,0.8013178913738053,0.545127795527161,0.01@4454.18:tp1;0.01@4424.03:be;0.01@4424.03:be;0.01@4424.03:be,12945.249999999929,91.45698222937507,2026-08
M15#6004832,M15,6004832,IMB,buy,0.643,B,2026-08-31 05:30:00,2026-08-31 05:35:00,2026-09-01 11:04:00,1769.0,4411.38,4411.38,4373.51,4434.1,4593.16,4411.38,4373.51,37.86999999999989,14.93214285714287,0.05,189.34999999999945,67.85999999999876,0.35000000000000003,-1.5,66.00999999999877,0.35838394507525195,0.34861367837337714,partial_be,True,1.3963559545814699,0.3842091365196785,0.01@4434.10:tp1;0.01@4456.82:tp1;0.01@4411.28:be;0.02@4411.28:be,13011.259999999927,91.80559590774845,2026-09
M5#11004866,M5,11004866,IMB,sell,0.566,B,2026-09-02 17:05:00,2026-09-02 17:05:00,2026-09-02 17:09:00,4.0,4387.54,4387.54,4394.72,4383.23,4353.08,4394.72,4387.54,7.180000000000291,8.95714285714283,0.32,229.7600000000093,-232.95999999999185,2.24,0.0,-235.19999999999186,-1.0139275766015947,-1.0236768802227643,sl,False,0.09192200557100665,1.3203342618384524,0.08@4394.82:sl;0.08@4394.82:sl;0.08@4394.82:sl;0.08@4394.82:sl,12776.059999999936,90.78191902752569,2026-09
M30#6002607,M30,6002607,IMB,sell,0.653,A,2026-09-03 06:00:00,2026-09-03 15:53:00,2026-09-03 18:01:00,128.0,4487.68,4487.68,4524.41,4465.64,4311.38,4524.41,4487.68,36.72999999999956,9.697142857142742,0.06,220.3799999999974,21.540000000002692,0.42000000000000004,0.0,21.12000000000269,0.09774026681188377,0.09583446773755758,partial_be,True,0.8320174244487003,0.23032943098285152,0.01@4465.64:tp1;0.01@4487.78:be;0.01@4487.78:be;0.03@4487.78:be,12797.179999999938,90.87775349526325,2026-09
M30#6002674,M30,6002674,OB,buy,0.552,B,2026-09-04 11:30:00,2026-09-04 15:30:00,2026-09-04 15:30:00,0.0,4434.99,4434.99,4422.34,4442.58,4495.71,4434.99,4422.34,12.649999999999636,9.556428571428503,0.18,227.6999999999935,-229.5,1.2600000000000002,0.0,-230.76,-1.0079051383399498,-1.0134387351778944,sl,False,0.0,3.341501976284644,0.04@4422.24:sl;0.04@4422.24:sl;0.04@4422.24:sl;0.06@4422.24:sl,12566.419999999938,89.86431476008535,2026-09
M15#6005088,M15,6005088,IMB,sell,0.625,B,2026-09-03 16:30:00,2026-09-03 18:14:00,2026-09-04 15:30:00,1276.0,4503.93,4503.93,4524.41,4491.64,4405.63,4524.41,4503.93,20.479999999999563,11.702857142857154,0.11,225.2799999999952,663.5400000000018,0.77,1.05,663.8200000000018,2.9454012784091614,2.9466441761364344,tp2,True,5.417480468750107,0.34472656249998246,0.02@4491.64:tp1;0.02@4479.35:tp1;0.02@4454.78:tp1;0.05@4405.63:tp2,13230.23999999994,92.81095893622178,2026-09
