time,balance,equity
2025-09-01 01:00:00,10000.0,10000.0
2025-09-01 02:00:00,10000.0,10000.0
2025-09-01 03:00:00,10000.0,10000.0
2025-09-01 04:00:00,10000.0,10000.0
2025-09-01 05:00:00,10000.0,10000.0
2025-09-01 06:00:00,10000.0,10000.0
2025-09-01 07:00:00,10000.0,10000.0
2025-09-01 08:00:00,10000.0,10000.0
2025-09-01 09:00:00,10000.0,10000.0
2025-09-01 10:00:00,10000.0,10000.0
2025-09-01 11:00:00,10000.0,10000.0
2025-09-01 12:00:00,10000.0,10000.0
2025-09-01 13:00:00,10000.0,10000.0
2025-09-01 14:00:00,10000.0,10000.0
2025-09-01 15:00:00,10000.0,10000.0
2025-09-01 16:00:00,10000.0,10000.0
2025-09-01 17:00:00,10000.0,10000.0
2025-09-01 18:00:00,10000.0,10000.0
2025-09-01 19:00:00,10000.0,10000.0
2025-09-01 20:00:00,10000.0,10000.0
2025-09-01 21:00:00,10000.0,10000.0
2025-09-02 01:29:00,10000.0,10000.0
2025-09-02 02:29:00,10000.0,10000.0
2025-09-02 03:29:00,10000.0,10000.0
2025-09-02 04:29:00,10000.0,10000.0
2025-09-02 05:29:00,10000.0,10000.0
2025-09-02 06:29:00,10000.0,10000.0
2025-09-02 07:29:00,10000.0,10000.0
2025-09-02 08:29:00,10000.0,10000.0
2025-09-02 09:29:00,10000.0,10000.0
2025-09-02 10:29:00,10000.0,10000.0
2025-09-02 11:29:00,10000.0,10000.0
2025-09-02 12:29:00,10000.0,10000.0
2025-09-02 13:29:00,10000.0,10000.0
2025-09-02 14:29:00,10000.0,10000.0
2025-09-02 15:29:00,10000.0,10000.0
2025-09-02 16:29:00,10000.0,10000.0
2025-09-02 17:29:00,10000.0,10000.0
2025-09-02 18:29:00,10000.0,10000.0
2025-09-02 19:29:00,10000.0,10000.0
2025-09-02 20:29:00,10000.0,10000.0
2025-09-02 21:29:00,10000.0,10000.0
2025-09-02 22:29:00,10000.0,10000.0
2025-09-02 23:29:00,10000.0,10000.0
2025-09-03 01:30:00,10000.0,10000.0
2025-09-03 02:30:00,9998.74,9937.359999999993
2025-09-03 03:30:00,10087.939999999997,10114.399999999996
2025-09-03 04:30:00,10087.939999999997,10136.719999999994
2025-09-03 05:30:00,10087.939999999997,10142.719999999994
2025-09-03 06:30:00,10087.339999999995,10087.339999999995
2025-09-03 07:30:00,10087.339999999995,10087.339999999995
2025-09-03 08:30:00,10087.339999999995,10087.339999999995
2025-09-03 09:30:00,10087.339999999995,10087.339999999995
2025-09-03 10:30:00,10087.339999999995,10087.339999999995
2025-09-03 11:30:00,10087.339999999995,10087.339999999995
2025-09-03 12:30:00,10087.339999999995,10087.339999999995
2025-09-03 13:30:00,10087.339999999995,10087.339999999995
2025-09-03 14:30:00,10087.339999999995,10087.339999999995
2025-09-03 15:30:00,10087.339999999995,10087.339999999995
2025-09-03 16:30:00,10087.339999999995,10087.339999999995
2025-09-03 17:30:00,10087.339999999995,10087.339999999995
2025-09-03 18:30:00,10087.339999999995,10087.339999999995
2025-09-03 19:30:00,10087.339999999995,10087.339999999995
2025-09-03 20:30:00,10087.339999999995,10087.339999999995
2025-09-03 21:30:00,10087.339999999995,10087.339999999995
2025-09-03 22:30:00,10087.339999999995,10087.339999999995
2025-09-03 23:30:00,10087.339999999995,10087.339999999995
2025-09-04 01:31:00,10087.339999999995,10087.339999999995
2025-09-04 02:31:00,10087.339999999995,10087.339999999995
2025-09-04 03:31:00,10087.339999999995,10087.339999999995
2025-09-04 04:31:00,10087.339999999995,10087.339999999995
2025-09-04 05:31:00,10087.339999999995,10087.339999999995
2025-09-04 06:31:00,10087.339999999995,10087.339999999995
2025-09-04 07:31:00,10087.339999999995,10087.339999999995
2025-09-04 08:31:00,10087.339999999995,10087.339999999995
2025-09-04 09:31:00,10087.339999999995,10087.339999999995
2025-09-04 10:31:00,10087.339999999995,10087.339999999995
2025-09-04 11:31:00,10087.339999999995,10087.339999999995
2025-09-04 12:31:00,10087.339999999995,10087.339999999995
2025-09-04 13:31:00,10087.339999999995,10087.339999999995
2025-09-04 14:31:00,10087.339999999995,10087.339999999995
2025-09-04 15:31:00,10087.339999999995,10087.339999999995
2025-09-04 16:31:00,10087.339999999995,10087.339999999995
2025-09-04 17:31:00,10087.339999999995,10087.339999999995
2025-09-04 18:31:00,10087.339999999995,10087.339999999995
2025-09-04 19:31:00,10087.339999999995,10087.339999999995
2025-09-04 20:31:00,10087.339999999995,10087.339999999995
2025-09-04 21:31:00,10087.339999999995,10087.339999999995
2025-09-04 22:31:00,10087.339999999995,10087.339999999995
2025-09-04 23:31:00,10087.339999999995,10087.339999999995
2025-09-05 01:32:00,10087.339999999995,10087.339999999995
2025-09-05 02:32:00,10087.339999999995,10087.339999999995
2025-09-05 03:32:00,10087.339999999995,10087.339999999995
2025-09-05 04:32:00,10087.339999999995,10087.339999999995
2025-09-05 05:32:00,10087.339999999995,10087.339999999995
2025-09-05 06:32:00,10087.339999999995,10087.339999999995
2025-09-05 07:32:00,10087.339999999995,10087.339999999995
2025-09-05 08:32:00,10087.339999999995,10087.339999999995
2025-09-05 09:32:00,10087.339999999995,10087.339999999995
2025-09-05 10:32:00,10087.339999999995,10087.339999999995
2025-09-05 11:32:00,10087.339999999995,10087.339999999995
2025-09-05 12:32:00,10087.339999999995,10087.339999999995
2025-09-05 13:32:00,10087.339999999995,10087.339999999995
2025-09-05 14:32:00,10087.339999999995,10087.339999999995
2025-09-05 15:32:00,10087.339999999995,10087.339999999995
2025-09-05 16:32:00,10087.339999999995,10087.339999999995
2025-09-05 17:32:00,10087.339999999995,10087.339999999995
2025-09-05 18:32:00,10087.339999999995,10087.339999999995
2025-09-05 19:32:00,10087.339999999995,10087.339999999995
2025-09-05 20:32:00,10087.339999999995,10087.339999999995
2025-09-05 21:32:00,10087.339999999995,10087.339999999995
2025-09-05 22:32:00,10087.339999999995,10087.339999999995
2025-09-05 23:32:00,10087.339999999995,10087.339999999995
2025-09-08 01:33:00,10087.339999999995,10087.339999999995
2025-09-08 02:33:00,10087.339999999995,10087.339999999995
2025-09-08 03:33:00,10087.339999999995,10087.339999999995
2025-09-08 04:33:00,10087.339999999995,10087.339999999995
2025-09-08 05:33:00,10087.339999999995,10087.339999999995
2025-09-08 06:33:00,10087.339999999995,10087.339999999995
2025-09-08 07:33:00,10087.339999999995,10087.339999999995
2025-09-08 08:33:00,10087.339999999995,10087.339999999995
2025-09-08 09:33:00,10087.339999999995,10087.339999999995
2025-09-08 10:33:00,10087.339999999995,10087.339999999995
2025-09-08 11:33:00,10087.339999999995,10087.339999999995
2025-09-08 12:33:00,10087.339999999995,10087.339999999995
2025-09-08 13:33:00,10087.339999999995,10087.339999999995
2025-09-08 14:33:00,10087.339999999995,10087.339999999995
2025-09-08 15:33:00,10087.339999999995,10087.339999999995
2025-09-08 16:33:00,10087.339999999995,10087.339999999995
2025-09-08 17:33:00,10087.339999999995,10087.339999999995
2025-09-08 18:33:00,10087.339999999995,10087.339999999995
2025-09-08 19:33:00,10087.339999999995,10087.339999999995
2025-09-08 20:33:00,10087.339999999995,10087.339999999995
2025-09-08 21:33:00,10087.339999999995,10087.339999999995
2025-09-08 22:33:00,10087.339999999995,10087.339999999995
2025-09-08 23:33:00,10087.339999999995,10087.339999999995
2025-09-09 01:34:00,10087.339999999995,10087.339999999995
2025-09-09 02:34:00,10087.339999999995,10087.339999999995
2025-09-09 03:34:00,10087.339999999995,10087.339999999995
2025-09-09 04:34:00,10087.339999999995,10087.339999999995
2025-09-09 05:34:00,10087.339999999995,10087.339999999995
2025-09-09 06:34:00,10087.339999999995,10087.339999999995
2025-09-09 07:34:00,10087.339999999995,10087.339999999995
2025-09-09 08:34:00,10087.339999999995,10087.339999999995
2025-09-09 09:34:00,10087.339999999995,10087.339999999995
2025-09-09 10:34:00,10087.339999999995,10087.339999999995
2025-09-09 11:34:00,10087.339999999995,10087.339999999995
2025-09-09 12:34:00,10087.339999999995,10087.339999999995
2025-09-09 13:34:00,10087.339999999995,10087.339999999995
2025-09-09 14:34:00,10087.339999999995,10087.339999999995
2025-09-09 15:34:00,10087.339999999995,10087.339999999995
2025-09-09 16:34:00,10087.339999999995,10087.339999999995
2025-09-09 17:34:00,10087.339999999995,10087.339999999995
2025-09-09 18:34:00,10087.339999999995,10087.339999999995
2025-09-09 19:34:00,10087.339999999995,10087.339999999995
2025-09-09 20:34:00,10087.339999999995,10087.339999999995
2025-09-09 21:34:00,10087.339999999995,10087.339999999995
2025-09-09 22:34:00,10087.339999999995,10087.339999999995
2025-09-09 23:34:00,10087.339999999995,10087.339999999995
2025-09-10 01:35:00,10087.339999999995,10087.339999999995
2025-09-10 02:35:00,10087.339999999995,10087.339999999995
2025-09-10 03:35:00,10087.339999999995,10087.339999999995
2025-09-10 04:35:00,10087.339999999995,10087.339999999995
2025-09-10 05:35:00,10087.339999999995,10087.339999999995
2025-09-10 06:35:00,10087.339999999995,10087.339999999995
2025-09-10 07:35:00,10087.339999999995,10087.339999999995
2025-09-10 08:35:00,10087.339999999995,10087.339999999995
2025-09-10 09:35:00,10087.339999999995,10087.339999999995
2025-09-10 10:35:00,10087.339999999995,10087.339999999995
2025-09-10 11:35:00,10087.339999999995,10087.339999999995
2025-09-10 12:35:00,10087.339999999995,10087.339999999995
2025-09-10 13:35:00,10087.339999999995,10087.339999999995
2025-09-10 14:35:00,10098.379999999996,10153.579999999994
2025-09-10 15:35:00,10122.559999999996,10184.839999999997
2025-09-10 16:35:00,10170.949999999997,10206.169999999996
2025-09-10 17:35:00,10170.949999999997,10183.969999999998
2025-09-10 18:35:00,10170.949999999997,10241.209999999997
2025-09-10 19:35:00,10170.949999999997,10271.509999999998
2025-09-10 20:35:00,10170.949999999997,10240.489999999998
2025-09-10 21:35:00,10170.949999999997,10228.729999999998
2025-09-10 22:35:00,10170.949999999997,10293.589999999997
2025-09-10 23:35:00,10170.949999999997,10276.249999999998
2025-09-11 01:36:00,10171.849999999997,10271.029999999999
2025-09-11 02:36:00,10171.849999999997,10258.429999999997
2025-09-11 03:36:00,10171.849999999997,10250.269999999995
2025-09-11 04:36:00,10171.849999999997,10253.809999999996
2025-09-11 05:36:00,10171.849999999997,10287.949999999997
2025-09-11 06:36:00,10171.849999999997,10321.909999999996
2025-09-11 07:36:00,10171.849999999997,10322.269999999995
2025-09-11 08:36:00,10171.849999999997,10325.809999999996
2025-09-11 09:36:00,10365.409999999998,10365.409999999998
2025-09-11 10:36:00,10365.409999999998,10365.409999999998
2025-09-11 11:36:00,10365.409999999998,10365.409999999998
2025-09-11 12:36:00,10365.409999999998,10365.409999999998
2025-09-11 13:36:00,10365.409999999998,10365.409999999998
2025-09-11 14:36:00,10365.409999999998,10365.409999999998
2025-09-11 15:36:00,10365.409999999998,10365.409999999998
2025-09-11 16:36:00,10365.409999999998,10365.409999999998
2025-09-11 17:36:00,10365.409999999998,10365.409999999998
2025-09-11 18:36:00,10365.409999999998,10365.409999999998
2025-09-11 19:36:00,10365.409999999998,10365.409999999998
2025-09-11 20:36:00,10365.409999999998,10365.409999999998
2025-09-11 21:36:00,10365.409999999998,10365.409999999998
2025-09-11 22:36:00,10365.409999999998,10365.409999999998
2025-09-11 23:36:00,10365.409999999998,10365.409999999998
2025-09-12 01:37:00,10365.409999999998,10365.409999999998
2025-09-12 02:37:00,10365.409999999998,10365.409999999998
2025-09-12 03:37:00,10365.409999999998,10365.409999999998
2025-09-12 04:37:00,10365.409999999998,10365.409999999998
2025-09-12 05:37:00,10365.409999999998,10365.409999999998
2025-09-12 06:37:00,10365.409999999998,10365.409999999998
2025-09-12 07:37:00,10365.409999999998,10365.409999999998
2025-09-12 08:37:00,10365.409999999998,10365.409999999998
2025-09-12 09:37:00,10365.409999999998,10365.409999999998
2025-09-12 10:37:00,10365.409999999998,10365.409999999998
2025-09-12 11:37:00,10365.409999999998,10365.409999999998
2025-09-12 12:37:00,10365.409999999998,10365.409999999998
2025-09-12 13:37:00,10365.409999999998,10365.409999999998
2025-09-12 14:37:00,10365.409999999998,10365.409999999998
2025-09-12 15:37:00,10365.409999999998,10365.409999999998
2025-09-12 16:37:00,10365.409999999998,10365.409999999998
2025-09-12 17:37:00,10365.409999999998,10365.409999999998
2025-09-12 18:37:00,10364.499999999998,10372.43
2025-09-12 19:37:00,10364.499999999998,10375.68
2025-09-12 20:37:00,10364.499999999998,10414.16
2025-09-12 21:37:00,10364.499999999998,10394.140000000001
2025-09-12 22:37:00,10364.499999999998,10346.689999999999
2025-09-12 23:37:00,10364.499999999998,10313.019999999997
2025-09-15 01:38:00,10357.999999999998,10296.900000000001
2025-09-15 02:38:00,10256.99,10256.99
2025-09-15 03:38:00,10256.99,10256.99
2025-09-15 04:38:00,10256.99,10256.99
2025-09-15 05:38:00,10256.99,10256.99
2025-09-15 06:38:00,10256.99,10256.99
2025-09-15 07:38:00,10256.99,10256.99
2025-09-15 08:38:00,10256.99,10256.99
2025-09-15 09:38:00,10256.99,10256.99
2025-09-15 10:38:00,10256.99,10256.99
2025-09-15 11:38:00,10256.99,10256.99
2025-09-15 12:38:00,10256.99,10256.99
2025-09-15 13:38:00,10256.99,10256.99
2025-09-15 14:38:00,10256.99,10256.99
2025-09-15 15:38:00,10256.99,10256.99
2025-09-15 16:38:00,10256.99,10256.99
2025-09-15 17:38:00,10256.99,10256.99
2025-09-15 18:38:00,10256.99,10256.99
2025-09-15 19:38:00,10256.99,10256.99
2025-09-15 20:38:00,10256.99,10256.99
2025-09-15 21:38:00,10256.99,10256.99
2025-09-15 22:38:00,10256.99,10256.99
2025-09-15 23:38:00,10256.99,10256.99
2025-09-16 01:39:00,10304.269999999999,10391.529999999997
2025-09-16 02:39:00,10304.269999999999,10386.259999999998
2025-09-16 03:39:00,10365.22,10466.45
2025-09-16 04:39:00,10391.359999999999,10448.509999999995
2025-09-16 05:39:00,10391.359999999999,10446.509999999998
2025-09-16 06:39:00,10390.859999999999,10440.759999999998
2025-09-16 07:39:00,10390.859999999999,10429.159999999998
2025-09-16 08:39:00,10390.859999999999,10441.06
2025-09-16 09:39:00,10390.859999999999,10465.21
2025-09-16 10:39:00,10390.859999999999,10468.46
2025-09-16 11:39:00,10390.859999999999,10495.21
2025-09-16 12:39:00,10512.76,10512.76
2025-09-16 13:39:00,10512.76,10512.76
2025-09-16 14:39:00,10512.76,10512.76
2025-09-16 15:39:00,10512.76,10512.76
2025-09-16 16:39:00,10512.76,10512.76
2025-09-16 17:39:00,10512.76,10512.76
2025-09-16 18:39:00,10512.76,10512.76
2025-09-16 19:39:00,10512.76,10512.76
2025-09-16 20:39:00,10512.76,10512.76
2025-09-16 21:39:00,10512.76,10512.76
2025-09-16 22:39:00,10512.76,10512.76
2025-09-16 23:39:00,10512.76,10512.76
2025-09-17 01:40:00,10512.76,10512.76
2025-09-17 02:40:00,10512.76,10512.76
2025-09-17 03:40:00,10512.76,10512.76
2025-09-17 04:40:00,10512.76,10512.76
2025-09-17 05:40:00,10512.76,10512.76
2025-09-17 06:40:00,10522.989999999989,10522.989999999989
2025-09-17 07:40:00,10522.989999999989,10522.989999999989
2025-09-17 08:40:00,10522.989999999989,10522.989999999989
2025-09-17 09:40:00,10522.989999999989,10522.989999999989
2025-09-17 10:40:00,10522.989999999989,10522.989999999989
2025-09-17 11:40:00,10522.989999999989,10522.989999999989
2025-09-17 12:40:00,10522.989999999989,10522.989999999989
2025-09-17 13:40:00,10522.989999999989,10522.989999999989
2025-09-17 14:40:00,10522.989999999989,10522.989999999989
2025-09-17 15:40:00,10522.989999999989,10522.989999999989
2025-09-17 16:40:00,10522.989999999989,10522.989999999989
2025-09-17 17:40:00,10522.989999999989,10522.989999999989
2025-09-17 18:40:00,10522.989999999989,10522.989999999989
2025-09-17 19:40:00,10522.989999999989,10522.989999999989
2025-09-17 20:40:00,10522.989999999989,10522.989999999989
2025-09-17 21:40:00,10522.989999999989,10522.989999999989
2025-09-17 22:40:00,10522.989999999989,10522.989999999989
2025-09-17 23:40:00,10522.989999999989,10522.989999999989
2025-09-18 01:41:00,10522.989999999989,10522.989999999989
2025-09-18 02:41:00,10522.989999999989,10522.989999999989
2025-09-18 03:41:00,10522.989999999989,10522.989999999989
2025-09-18 04:41:00,10522.989999999989,10522.989999999989
2025-09-18 05:41:00,10522.989999999989,10522.989999999989
2025-09-18 06:41:00,10522.989999999989,10522.989999999989
2025-09-18 07:41:00,10522.989999999989,10522.989999999989
2025-09-18 08:41:00,10522.989999999989,10522.989999999989
2025-09-18 09:41:00,10522.989999999989,10522.989999999989
2025-09-18 10:41:00,10415.749999999987,10415.749999999987
2025-09-18 11:41:00,10415.749999999987,10415.749999999987
2025-09-18 12:41:00,10415.749999999987,10415.749999999987
2025-09-18 13:41:00,10415.749999999987,10415.749999999987
2025-09-18 14:41:00,10415.749999999987,10415.749999999987
2025-09-18 15:41:00,10415.749999999987,10415.749999999987
2025-09-18 16:41:00,10415.749999999987,10415.749999999987
2025-09-18 17:41:00,10415.749999999987,10415.749999999987
2025-09-18 18:41:00,10415.749999999987,10415.749999999987
2025-09-18 19:41:00,10415.749999999987,10415.749999999987
2025-09-18 20:41:00,10415.749999999987,10415.749999999987
2025-09-18 21:41:00,10415.749999999987,10415.749999999987
2025-09-18 22:41:00,10415.749999999987,10415.749999999987
2025-09-18 23:41:00,10415.749999999987,10415.749999999987
2025-09-19 01:42:00,10415.749999999987,10415.749999999987
2025-09-19 02:42:00,10415.749999999987,10415.749999999987
2025-09-19 03:42:00,10415.749999999987,10415.749999999987
2025-09-19 04:42:00,10415.749999999987,10415.749999999987
2025-09-19 05:42:00,10415.749999999987,10415.749999999987
2025-09-19 06:42:00,10415.749999999987,10415.749999999987
2025-09-19 07:42:00,10415.749999999987,10415.749999999987
2025-09-19 08:42:00,10415.749999999987,10415.749999999987
2025-09-19 09:42:00,10415.749999999987,10415.749999999987
2025-09-19 10:42:00,10415.749999999987,10415.749999999987
2025-09-19 11:42:00,10415.749999999987,10415.749999999987
2025-09-19 12:42:00,10415.749999999987,10415.749999999987
2025-09-19 13:42:00,10415.749999999987,10415.749999999987
2025-09-19 14:42:00,10415.749999999987,10415.749999999987
2025-09-19 15:42:00,10415.749999999987,10415.749999999987
2025-09-19 16:42:00,10415.749999999987,10415.749999999987
2025-09-19 17:42:00,10415.749999999987,10415.749999999987
2025-09-19 18:42:00,10415.749999999987,10415.749999999987
2025-09-19 19:42:00,10415.749999999987,10415.749999999987
2025-09-19 20:42:00,10415.749999999987,10415.749999999987
2025-09-19 21:42:00,10415.749999999987,10415.749999999987
2025-09-19 22:42:00,10415.749999999987,10415.749999999987
2025-09-19 23:42:00,10415.749999999987,10415.749999999987
2025-09-22 01:43:00,10415.749999999987,10415.749999999987
2025-09-22 02:43:00,10415.749999999987,10415.749999999987
2025-09-22 03:43:00,10415.749999999987,10415.749999999987
2025-09-22 04:43:00,10415.749999999987,10415.749999999987
2025-09-22 05:43:00,10415.749999999987,10415.749999999987
2025-09-22 06:43:00,10415.749999999987,10415.749999999987
2025-09-22 07:43:00,10415.749999999987,10415.749999999987
2025-09-22 08:43:00,10415.749999999987,10415.749999999987
2025-09-22 09:43:00,10415.749999999987,10415.749999999987
2025-09-22 10:43:00,10415.749999999987,10415.749999999987
2025-09-22 11:43:00,10415.749999999987,10415.749999999987
2025-09-22 12:43:00,10415.749999999987,10415.749999999987
2025-09-22 13:43:00,10415.749999999987,10415.749999999987
2025-09-22 14:43:00,10415.749999999987,10415.749999999987
2025-09-22 15:43:00,10415.749999999987,10415.749999999987
2025-09-22 16:43:00,10415.749999999987,10415.749999999987
2025-09-22 17:43:00,10415.749999999987,10415.749999999987
2025-09-22 18:43:00,10415.749999999987,10415.749999999987
2025-09-22 19:43:00,10415.749999999987,10415.749999999987
2025-09-22 20:43:00,10415.749999999987,10415.749999999987
2025-09-22 21:43:00,10415.749999999987,10415.749999999987
2025-09-22 22:43:00,10441.849999999986,10514.209999999968
2025-09-22 23:43:00,10504.309999999981,10622.74999999998
2025-09-23 01:44:00,10397.38999999997,10397.38999999997
2025-09-23 02:44:00,10397.38999999997,10397.38999999997
2025-09-23 03:44:00,10397.38999999997,10397.38999999997
2025-09-23 04:44:00,10397.38999999997,10397.38999999997
2025-09-23 05:44:00,10397.38999999997,10397.38999999997
2025-09-23 06:44:00,10397.38999999997,10397.38999999997
2025-09-23 07:44:00,10397.38999999997,10397.38999999997
2025-09-23 08:44:00,10397.38999999997,10397.38999999997
2025-09-23 09:44:00,10397.38999999997,10397.38999999997
2025-09-23 10:44:00,10397.38999999997,10397.38999999997
2025-09-23 11:44:00,10397.38999999997,10397.38999999997
2025-09-23 12:44:00,10397.38999999997,10397.38999999997
2025-09-23 13:44:00,10397.38999999997,10397.38999999997
2025-09-23 14:44:00,10397.38999999997,10397.38999999997
2025-09-23 15:44:00,10397.38999999997,10397.38999999997
2025-09-23 16:44:00,10397.38999999997,10397.38999999997
2025-09-23 17:44:00,10397.38999999997,10397.38999999997
2025-09-23 18:44:00,10397.38999999997,10397.38999999997
2025-09-23 19:44:00,10409.21999999997,10487.09999999997
2025-09-23 20:44:00,10485.98999999997,10542.789999999972
2025-09-23 21:44:00,10485.98999999997,10554.63999999997
2025-09-23 22:44:00,10379.289999999968,10379.289999999968
2025-09-23 23:44:00,10379.289999999968,10379.289999999968
2025-09-24 01:45:00,10379.289999999968,10379.289999999968
2025-09-24 02:45:00,10379.289999999968,10379.289999999968
2025-09-24 03:45:00,10379.289999999968,10379.289999999968
2025-09-24 04:45:00,10379.289999999968,10379.289999999968
2025-09-24 05:45:00,10379.289999999968,10379.289999999968
2025-09-24 06:45:00,10379.289999999968,10379.289999999968
2025-09-24 07:45:00,10379.289999999968,10379.289999999968
2025-09-24 08:45:00,10379.289999999968,10379.289999999968
2025-09-24 09:45:00,10379.289999999968,10379.289999999968
2025-09-24 10:45:00,10379.289999999968,10379.289999999968
2025-09-24 11:45:00,10379.289999999968,10379.289999999968
2025-09-24 12:45:00,10379.289999999968,10379.289999999968
2025-09-24 13:45:00,10379.289999999968,10379.289999999968
2025-09-24 14:45:00,10379.289999999968,10379.289999999968
2025-09-24 15:45:00,10379.289999999968,10379.289999999968
2025-09-24 16:45:00,10379.289999999968,10379.289999999968
2025-09-24 17:45:00,10379.289999999968,10379.289999999968
2025-09-24 18:45:00,10379.289999999968,10379.289999999968
2025-09-24 19:45:00,10379.289999999968,10379.289999999968
2025-09-24 20:45:00,10379.289999999968,10379.289999999968
2025-09-24 21:45:00,10379.289999999968,10379.289999999968
2025-09-24 22:45:00,10379.289999999968,10379.289999999968
2025-09-24 23:45:00,10379.289999999968,10379.289999999968
2025-09-25 01:46:00,10379.289999999968,10379.289999999968
2025-09-25 02:46:00,10379.289999999968,10379.289999999968
2025-09-25 03:46:00,10379.289999999968,10379.289999999968
2025-09-25 04:46:00,10379.289999999968,10379.289999999968
2025-09-25 05:46:00,10379.289999999968,10379.289999999968
2025-09-25 06:46:00,10379.289999999968,10379.289999999968
2025-09-25 07:46:00,10379.289999999968,10379.289999999968
2025-09-25 08:46:00,10379.289999999968,10379.289999999968
2025-09-25 09:46:00,10379.289999999968,10379.289999999968
2025-09-25 10:46:00,10379.289999999968,10379.289999999968
2025-09-25 11:46:00,10379.289999999968,10379.289999999968
2025-09-25 12:46:00,10379.289999999968,10379.289999999968
2025-09-25 13:46:00,10379.289999999968,10379.289999999968
2025-09-25 14:46:00,10379.289999999968,10379.289999999968
2025-09-25 15:46:00,10379.289999999968,10379.289999999968
2025-09-25 16:46:00,10379.289999999968,10379.289999999968
2025-09-25 17:46:00,10417.459999999966,10473.059999999965
2025-09-25 18:46:00,10416.659999999967,10416.659999999967
2025-09-25 19:46:00,10416.659999999967,10416.659999999967
2025-09-25 20:46:00,10416.659999999967,10416.659999999967
2025-09-25 21:46:00,10312.729999999974,10312.729999999974
2025-09-25 22:46:00,10312.729999999974,10312.729999999974
2025-09-25 23:46:00,10312.729999999974,10312.729999999974
2025-09-26 01:47:00,10312.729999999974,10312.729999999974
2025-09-26 02:47:00,10312.729999999974,10312.729999999974
2025-09-26 03:47:00,10312.729999999974,10312.729999999974
2025-09-26 04:47:00,10312.729999999974,10312.729999999974
2025-09-26 05:47:00,10312.729999999974,10312.729999999974
2025-09-26 06:47:00,10312.729999999974,10312.729999999974
2025-09-26 07:47:00,10312.729999999974,10312.729999999974
2025-09-26 08:47:00,10325.009999999973,10370.209999999977
2025-09-26 09:47:00,10351.809999999976,10351.809999999976
2025-09-26 10:47:00,10351.809999999976,10351.809999999976
2025-09-26 11:47:00,10351.809999999976,10351.809999999976
2025-09-26 12:47:00,10351.809999999976,10351.809999999976
2025-09-26 13:47:00,10351.809999999976,10351.809999999976
2025-09-26 14:47:00,10351.809999999976,10351.809999999976
2025-09-26 15:47:00,10351.809999999976,10351.809999999976
2025-09-26 16:47:00,10351.809999999976,10351.809999999976
2025-09-26 17:47:00,10351.809999999976,10351.809999999976
2025-09-26 18:47:00,10351.809999999976,10351.809999999976
2025-09-26 19:47:00,10351.809999999976,10351.809999999976
2025-09-26 20:47:00,10351.809999999976,10351.809999999976
2025-09-26 21:47:00,10351.809999999976,10351.809999999976
2025-09-26 22:47:00,10351.809999999976,10351.809999999976
2025-09-26 23:47:00,10351.809999999976,10351.809999999976
2025-09-29 01:48:00,10351.809999999976,10351.809999999976
2025-09-29 02:48:00,10351.809999999976,10351.809999999976
2025-09-29 03:48:00,10351.809999999976,10351.809999999976
2025-09-29 04:48:00,10351.809999999976,10351.809999999976
2025-09-29 05:48:00,10351.809999999976,10351.809999999976
2025-09-29 06:48:00,10351.809999999976,10351.809999999976
2025-09-29 07:48:00,10351.809999999976,10351.809999999976
2025-09-29 08:48:00,10351.809999999976,10351.809999999976
2025-09-29 09:48:00,10351.809999999976,10351.809999999976
2025-09-29 10:48:00,10351.809999999976,10351.809999999976
2025-09-29 11:48:00,10351.809999999976,10351.809999999976
2025-09-29 12:48:00,10351.809999999976,10351.809999999976
2025-09-29 13:48:00,10351.809999999976,10351.809999999976
2025-09-29 14:48:00,10351.809999999976,10351.809999999976
2025-09-29 15:48:00,10351.809999999976,10351.809999999976
2025-09-29 16:48:00,10351.809999999976,10351.809999999976
2025-09-29 17:48:00,10351.809999999976,10351.809999999976
2025-09-29 18:48:00,10351.809999999976,10351.809999999976
2025-09-29 19:48:00,10351.809999999976,10351.809999999976
2025-09-29 20:48:00,10351.809999999976,10351.809999999976
2025-09-29 21:48:00,10351.809999999976,10351.809999999976
2025-09-29 22:48:00,10351.809999999976,10351.809999999976
2025-09-29 23:48:00,10351.809999999976,10351.809999999976
2025-09-30 01:49:00,10351.809999999976,10351.809999999976
2025-09-30 02:49:00,10351.809999999976,10351.809999999976
2025-09-30 03:49:00,10351.809999999976,10351.809999999976
2025-09-30 04:49:00,10351.809999999976,10351.809999999976
2025-09-30 05:49:00,10351.809999999976,10351.809999999976
2025-09-30 06:49:00,10351.809999999976,10351.809999999976
2025-09-30 07:49:00,10351.809999999976,10351.809999999976
2025-09-30 08:49:00,10351.809999999976,10351.809999999976
2025-09-30 09:49:00,10351.809999999976,10351.809999999976
2025-09-30 10:49:00,10351.809999999976,10351.809999999976
2025-09-30 11:49:00,10351.809999999976,10351.809999999976
2025-09-30 12:49:00,10351.809999999976,10351.809999999976
2025-09-30 13:49:00,10351.809999999976,10351.809999999976
2025-09-30 14:49:00,10351.809999999976,10351.809999999976
2025-09-30 15:49:00,10351.809999999976,10351.809999999976
2025-09-30 16:49:00,10350.549999999976,10249.569999999982
2025-09-30 17:49:00,10154.109999999979,10154.109999999979
2025-09-30 18:49:00,10165.82999999998,10182.62999999998
2025-09-30 19:49:00,10177.36999999998,10256.089999999978
2025-09-30 20:49:00,10177.36999999998,10218.089999999978
2025-09-30 21:49:00,10177.36999999998,10256.089999999978
2025-09-30 22:49:00,10200.42999999998,10304.46999999998
2025-09-30 23:49:00,10200.42999999998,10323.66999999998
2025-10-01 01:50:00,10237.549999999981,10329.469999999981
2025-10-01 02:50:00,10237.549999999981,10335.629999999981
2025-10-01 03:50:00,10237.549999999981,10340.709999999981
2025-10-01 04:50:00,10237.549999999981,10360.10999999998
2025-10-01 05:50:00,10237.549999999981,10352.309999999981
2025-10-01 06:50:00,10237.549999999981,10336.86999999998
2025-10-01 07:50:00,10237.549999999981,10332.50999999998
2025-10-01 08:50:00,10237.549999999981,10340.309999999981
2025-10-01 09:50:00,10237.549999999981,10337.86999999998
2025-10-01 10:50:00,10237.549999999981,10384.86999999998
2025-10-01 11:50:00,10422.069999999982,10422.069999999982
2025-10-01 12:50:00,10422.069999999982,10422.069999999982
2025-10-01 13:50:00,10422.069999999982,10422.069999999982
2025-10-01 14:50:00,10435.619999999983,10489.61999999998
2025-10-01 15:50:00,10524.969999999983,10524.969999999983
2025-10-01 16:50:00,10524.969999999983,10524.969999999983
2025-10-01 17:50:00,10524.969999999983,10524.969999999983
2025-10-01 18:50:00,10524.969999999983,10524.969999999983
2025-10-01 19:50:00,10524.969999999983,10524.969999999983
2025-10-01 20:50:00,10524.969999999983,10524.969999999983
2025-10-01 21:50:00,10524.969999999983,10524.969999999983
2025-10-01 22:50:00,10524.969999999983,10524.969999999983
2025-10-01 23:50:00,10524.969999999983,10524.969999999983
2025-10-02 01:51:00,10524.969999999983,10524.969999999983
2025-10-02 02:51:00,10524.969999999983,10524.969999999983
2025-10-02 03:51:00,10524.969999999983,10524.969999999983
2025-10-02 04:51:00,10524.969999999983,10524.969999999983
2025-10-02 05:51:00,10524.969999999983,10524.969999999983
2025-10-02 06:51:00,10524.969999999983,10524.969999999983
2025-10-02 07:51:00,10524.969999999983,10524.969999999983
2025-10-02 08:51:00,10524.969999999983,10524.969999999983
2025-10-02 09:51:00,10524.969999999983,10524.969999999983
2025-10-02 10:51:00,10524.969999999983,10524.969999999983
2025-10-02 11:51:00,10524.969999999983,10524.969999999983
2025-10-02 12:51:00,10524.969999999983,10524.969999999983
2025-10-02 13:51:00,10549.849999999988,10549.849999999988
2025-10-02 14:51:00,10549.849999999988,10549.849999999988
2025-10-02 15:51:00,10549.849999999988,10549.849999999988
2025-10-02 16:51:00,10549.849999999988,10549.849999999988
2025-10-02 17:51:00,10549.849999999988,10549.849999999988
2025-10-02 18:51:00,10549.849999999988,10549.849999999988
2025-10-02 19:51:00,10549.849999999988,10549.849999999988
2025-10-02 20:51:00,10549.849999999988,10549.849999999988
2025-10-02 21:51:00,10549.849999999988,10549.849999999988
2025-10-02 22:51:00,10549.849999999988,10549.849999999988
2025-10-02 23:51:00,10549.849999999988,10549.849999999988
2025-10-03 01:52:00,10549.849999999988,10549.849999999988
2025-10-03 02:52:00,10549.849999999988,10549.849999999988
2025-10-03 03:52:00,10549.849999999988,10549.849999999988
2025-10-03 04:52:00,10549.849999999988,10549.849999999988
2025-10-03 05:52:00,10549.849999999988,10549.849999999988
2025-10-03 06:52:00,10549.849999999988,10549.849999999988
2025-10-03 07:52:00,10549.849999999988,10549.849999999988
2025-10-03 08:52:00,10549.849999999988,10549.849999999988
2025-10-03 09:52:00,10549.849999999988,10549.849999999988
2025-10-03 10:52:00,10549.569999999987,10550.809999999987
2025-10-03 11:52:00,10549.569999999987,10559.649999999987
2025-10-03 12:52:00,10549.569999999987,10558.249999999987
2025-10-03 13:52:00,10549.569999999987,10537.049999999987
2025-10-03 14:52:00,10549.569999999987,10552.169999999987
2025-10-03 15:52:00,10549.569999999987,10525.369999999988
2025-10-03 16:52:00,10460.489999999985,10460.489999999985
2025-10-03 17:52:00,10460.489999999985,10460.489999999985
2025-10-03 18:52:00,10460.489999999985,10460.489999999985
2025-10-03 19:52:00,10460.489999999985,10460.489999999985
2025-10-03 20:52:00,10460.489999999985,10460.489999999985
2025-10-03 21:52:00,10460.489999999985,10460.489999999985
2025-10-03 22:52:00,10460.489999999985,10460.489999999985
2025-10-03 23:52:00,10460.489999999985,10460.489999999985
2025-10-06 01:53:00,10460.489999999985,10460.489999999985
2025-10-06 02:53:00,10460.489999999985,10460.489999999985
2025-10-06 03:53:00,10460.489999999985,10460.489999999985
2025-10-06 04:53:00,10460.489999999985,10460.489999999985
2025-10-06 05:53:00,10460.489999999985,10460.489999999985
2025-10-06 06:53:00,10460.489999999985,10460.489999999985
2025-10-06 07:53:00,10460.489999999985,10460.489999999985
2025-10-06 08:53:00,10460.489999999985,10460.489999999985
2025-10-06 09:53:00,10460.489999999985,10460.489999999985
2025-10-06 10:53:00,10460.489999999985,10460.489999999985
2025-10-06 11:53:00,10460.489999999985,10460.489999999985
2025-10-06 12:53:00,10460.489999999985,10460.489999999985
2025-10-06 13:53:00,10460.489999999985,10460.489999999985
2025-10-06 14:53:00,10460.489999999985,10460.489999999985
2025-10-06 15:53:00,10460.489999999985,10460.489999999985
2025-10-06 16:53:00,10460.489999999985,10460.489999999985
2025-10-06 17:53:00,10460.489999999985,10460.489999999985
2025-10-06 18:53:00,10460.489999999985,10460.489999999985
2025-10-06 19:53:00,10460.489999999985,10460.489999999985
2025-10-06 20:53:00,10460.489999999985,10460.489999999985
2025-10-06 21:53:00,10460.489999999985,10460.489999999985
2025-10-06 22:53:00,10460.489999999985,10460.489999999985
2025-10-06 23:53:00,10460.489999999985,10460.489999999985
2025-10-07 01:54:00,10460.489999999985,10460.489999999985
2025-10-07 02:54:00,10460.489999999985,10460.489999999985
2025-10-07 03:54:00,10460.489999999985,10460.489999999985
2025-10-07 04:54:00,10460.489999999985,10460.489999999985
2025-10-07 05:54:00,10460.489999999985,10460.489999999985
2025-10-07 06:54:00,10460.489999999985,10460.489999999985
2025-10-07 07:54:00,10460.489999999985,10460.489999999985
2025-10-07 08:54:00,10460.489999999985,10460.489999999985
2025-10-07 09:54:00,10460.489999999985,10460.489999999985
2025-10-07 10:54:00,10460.489999999985,10460.489999999985
2025-10-07 11:54:00,10460.489999999985,10460.489999999985
2025-10-07 12:54:00,10460.489999999985,10460.489999999985
2025-10-07 13:54:00,10460.489999999985,10460.489999999985
2025-10-07 14:54:00,10460.489999999985,10460.489999999985
2025-10-07 15:54:00,10460.489999999985,10460.489999999985
2025-10-07 16:54:00,10460.489999999985,10460.489999999985
2025-10-07 17:54:00,10460.489999999985,10460.489999999985
2025-10-07 18:54:00,10460.489999999985,10460.489999999985
2025-10-07 19:54:00,10460.489999999985,10460.489999999985
2025-10-07 20:54:00,10460.489999999985,10460.489999999985
2025-10-07 21:54:00,10460.489999999985,10460.489999999985
2025-10-07 22:54:00,10460.489999999985,10460.489999999985
2025-10-07 23:54:00,10460.489999999985,10460.489999999985
2025-10-08 01:55:00,10460.489999999985,10460.489999999985
2025-10-08 02:55:00,10460.489999999985,10460.489999999985
2025-10-08 03:55:00,10460.489999999985,10460.489999999985
2025-10-08 04:55:00,10460.489999999985,10460.489999999985
2025-10-08 05:55:00,10460.489999999985,10460.489999999985
2025-10-08 06:55:00,10460.489999999985,10460.489999999985
2025-10-08 07:55:00,10460.489999999985,10460.489999999985
2025-10-08 08:55:00,10460.489999999985,10460.489999999985
2025-10-08 09:55:00,10460.489999999985,10460.489999999985
2025-10-08 10:55:00,10460.489999999985,10460.489999999985
2025-10-08 11:55:00,10460.489999999985,10460.489999999985
2025-10-08 12:55:00,10460.489999999985,10460.489999999985
2025-10-08 13:55:00,10460.489999999985,10460.489999999985
2025-10-08 14:55:00,10460.489999999985,10460.489999999985
2025-10-08 15:55:00,10460.489999999985,10460.489999999985
2025-10-08 16:55:00,10460.489999999985,10460.489999999985
2025-10-08 17:55:00,10460.489999999985,10460.489999999985
2025-10-08 18:55:00,10460.489999999985,10460.489999999985
2025-10-08 19:55:00,10460.489999999985,10460.489999999985
2025-10-08 20:55:00,10353.999999999987,10353.999999999987
2025-10-08 21:55:00,10353.999999999987,10353.999999999987
2025-10-08 22:55:00,10353.999999999987,10353.999999999987
2025-10-08 23:55:00,10353.999999999987,10353.999999999987
2025-10-09 01:56:00,10353.999999999987,10353.999999999987
2025-10-09 02:56:00,10353.999999999987,10353.999999999987
2025-10-09 03:56:00,10353.999999999987,10353.999999999987
2025-10-09 04:56:00,10386.489999999987,10412.179999999984
2025-10-09 05:56:00,10385.789999999985,10385.789999999985
2025-10-09 06:56:00,10385.789999999985,10385.789999999985
2025-10-09 07:56:00,10385.789999999985,10385.789999999985
2025-10-09 08:56:00,10385.789999999985,10385.789999999985
2025-10-09 09:56:00,10385.789999999985,10385.789999999985
2025-10-09 10:56:00,10385.789999999985,10385.789999999985
2025-10-09 11:56:00,10385.789999999985,10385.789999999985
2025-10-09 12:56:00,10385.789999999985,10385.789999999985
2025-10-09 13:56:00,10385.789999999985,10385.789999999985
2025-10-09 14:56:00,10385.789999999985,10385.789999999985
2025-10-09 15:56:00,10384.459999999985,10353.869999999992
2025-10-09 16:56:00,10282.049999999987,10282.049999999987
2025-10-09 17:56:00,10282.049999999987,10282.049999999987
2025-10-09 18:56:00,10282.049999999987,10282.049999999987
2025-10-09 19:56:00,10282.049999999987,10282.049999999987
2025-10-09 20:56:00,10282.049999999987,10282.049999999987
2025-10-09 21:56:00,10282.049999999987,10282.049999999987
2025-10-09 22:56:00,10281.909999999987,10278.589999999986
2025-10-09 23:56:00,10281.909999999987,10278.709999999988
2025-10-10 01:57:00,10294.319999999989,10339.619999999992
2025-10-10 02:57:00,10318.679999999988,10395.409999999987
2025-10-10 03:57:00,10369.659999999989,10369.879999999994
2025-10-10 04:57:00,10428.379999999988,10523.799999999988
2025-10-10 05:57:00,10428.079999999987,10519.63999999999
2025-10-10 06:57:00,10487.389999999989,10574.17999999999
2025-10-10 07:57:00,10606.60999999999,10624.409999999989
2025-10-10 08:57:00,10606.60999999999,10609.78999999999
2025-10-10 09:57:00,10606.60999999999,10617.32999999999
2025-10-10 10:57:00,10606.60999999999,10602.64999999999
2025-10-10 11:57:00,10606.60999999999,10569.34999999999
2025-10-10 12:57:00,10606.60999999999,10560.76999999999
2025-10-10 13:57:00,10606.60999999999,10564.909999999989
2025-10-10 14:57:00,10647.87999999999,10651.17999999999
2025-10-10 15:57:00,10647.179999999991,10624.39999999999
2025-10-10 16:57:00,10647.179999999991,10641.89999999999
2025-10-10 17:57:00,10658.269999999993,10636.049999999994
2025-10-10 18:57:00,10587.009999999991,10587.009999999991
2025-10-10 19:57:00,10587.009999999991,10587.009999999991
2025-10-10 20:57:00,10587.009999999991,10587.009999999991
2025-10-10 21:57:00,10587.009999999991,10587.009999999991
2025-10-10 22:57:00,10587.009999999991,10587.009999999991
2025-10-10 23:57:00,10587.009999999991,10587.009999999991
2025-10-13 01:58:00,10597.94999999999,10597.94999999999
2025-10-13 02:58:00,10597.94999999999,10597.94999999999
2025-10-13 03:58:00,10597.94999999999,10597.94999999999
2025-10-13 04:58:00,10597.94999999999,10597.94999999999
2025-10-13 05:58:00,10597.94999999999,10597.94999999999
2025-10-13 06:58:00,10597.94999999999,10597.94999999999
2025-10-13 07:58:00,10597.94999999999,10597.94999999999
2025-10-13 08:58:00,10597.94999999999,10597.94999999999
2025-10-13 09:58:00,10597.94999999999,10597.94999999999
2025-10-13 10:58:00,10597.94999999999,10597.94999999999
2025-10-13 11:58:00,10597.94999999999,10597.94999999999
2025-10-13 12:58:00,10597.94999999999,10597.94999999999
2025-10-13 13:58:00,10597.94999999999,10597.94999999999
2025-10-13 14:58:00,10597.94999999999,10597.94999999999
2025-10-13 15:58:00,10597.94999999999,10597.94999999999
2025-10-13 16:58:00,10597.94999999999,10597.94999999999
2025-10-13 17:58:00,10597.94999999999,10597.94999999999
2025-10-13 18:58:00,10597.94999999999,10597.94999999999
2025-10-13 19:58:00,10597.94999999999,10597.94999999999
2025-10-13 20:58:00,10597.94999999999,10597.94999999999
2025-10-13 21:58:00,10597.94999999999,10597.94999999999
2025-10-13 22:58:00,10597.94999999999,10597.94999999999
2025-10-13 23:58:00,10597.94999999999,10597.94999999999
2025-10-14 01:59:00,10597.94999999999,10597.94999999999
2025-10-14 02:59:00,10597.94999999999,10597.94999999999
2025-10-14 03:59:00,10597.94999999999,10597.94999999999
2025-10-14 04:59:00,10489.8,10489.8
2025-10-14 05:59:00,10489.8,10489.8
2025-10-14 06:59:00,10489.8,10489.8
2025-10-14 07:59:00,10489.8,10489.8
2025-10-14 08:59:00,10489.8,10489.8
2025-10-14 09:59:00,10489.8,10489.8
2025-10-14 10:59:00,10489.8,10489.8
2025-10-14 11:59:00,10489.52,10461.12
2025-10-14 12:59:00,10489.52,10528.12
2025-10-14 13:59:00,10489.52,10510.76
2025-10-14 14:59:00,10489.52,10515.56
2025-10-14 15:59:00,10489.52,10611.319999999998
2025-10-14 16:59:00,10590.429999999997,10743.869999999994
2025-10-14 17:59:00,10745.549999999996,10776.549999999994
2025-10-14 18:59:00,10745.549999999996,10741.509999999993
2025-10-14 19:59:00,10745.549999999996,10732.309999999996
2025-10-14 20:59:00,10745.549999999996,10700.789999999995
2025-10-14 21:59:00,10745.549999999996,10700.629999999996
2025-10-14 22:59:00,10745.549999999996,10727.669999999996
2025-10-15 01:00:00,10747.349999999995,10720.069999999994
2025-10-15 02:00:00,10746.999999999995,10673.939999999999
2025-10-15 03:00:00,10746.999999999995,10657.289999999997
2025-10-15 04:00:00,10746.999999999995,10588.619999999995
2025-10-15 05:00:00,10487.359999999995,10487.359999999995
2025-10-15 06:00:00,10486.729999999996,10521.73999999999
2025-10-15 07:00:00,10526.209999999995,10589.409999999993
2025-10-15 08:00:00,10525.709999999994,10525.709999999994
2025-10-15 09:00:00,10525.709999999994,10525.709999999994
2025-10-15 10:00:00,10525.709999999994,10525.709999999994
2025-10-15 11:00:00,10525.709999999994,10525.709999999994
2025-10-15 12:00:00,10525.709999999994,10525.709999999994
2025-10-15 13:00:00,10525.709999999994,10525.709999999994
2025-10-15 14:00:00,10525.709999999994,10525.709999999994
2025-10-15 15:00:00,10525.709999999994,10525.709999999994
2025-10-15 16:00:00,10525.709999999994,10525.709999999994
2025-10-15 17:00:00,10525.709999999994,10525.709999999994
2025-10-15 18:00:00,10525.709999999994,10525.709999999994
2025-10-15 19:00:00,10624.839999999993,10684.719999999996
2025-10-15 20:00:00,10624.839999999993,10716.939999999995
2025-10-15 21:00:00,10624.839999999993,10731.399999999994
2025-10-15 22:00:00,10762.779999999997,10762.779999999997
2025-10-15 23:00:00,10762.779999999997,10762.779999999997
2025-10-16 01:01:00,10762.779999999997,10762.779999999997
2025-10-16 02:01:00,10762.779999999997,10762.779999999997
2025-10-16 03:01:00,10762.779999999997,10762.779999999997
2025-10-16 04:01:00,10762.779999999997,10762.779999999997
2025-10-16 05:01:00,10762.779999999997,10762.779999999997
2025-10-16 06:01:00,10762.779999999997,10762.779999999997
2025-10-16 07:01:00,10762.779999999997,10762.779999999997
2025-10-16 08:01:00,10762.779999999997,10762.779999999997
2025-10-16 09:01:00,10762.779999999997,10762.779999999997
2025-10-16 10:01:00,10762.779999999997,10762.779999999997
2025-10-16 11:01:00,10762.779999999997,10762.779999999997
2025-10-16 12:01:00,10762.779999999997,10762.779999999997
2025-10-16 13:01:00,10762.779999999997,10762.779999999997
2025-10-16 14:01:00,10762.779999999997,10762.779999999997
2025-10-16 15:01:00,10762.779999999997,10762.779999999997
2025-10-16 16:01:00,10784.679999999995,10983.399999999994
2025-10-16 17:01:00,10925.199999999995,11151.499999999996
2025-10-16 18:01:00,10939.829999999994,11304.63
2025-10-16 19:01:00,10970.909999999993,11524.629999999986
2025-10-16 20:01:00,11501.539999999986,11616.019999999986
2025-10-16 21:01:00,11667.219999999987,11667.219999999987
2025-10-16 22:01:00,11667.219999999987,11667.219999999987
2025-10-16 23:01:00,11667.219999999987,11667.219999999987
2025-10-17 01:02:00,11667.219999999987,11667.219999999987
2025-10-17 02:02:00,11667.219999999987,11667.219999999987
2025-10-17 03:02:00,11667.219999999987,11667.219999999987
2025-10-17 04:02:00,11667.219999999987,11667.219999999987
2025-10-17 05:02:00,11667.219999999987,11667.219999999987
2025-10-17 06:02:00,11667.219999999987,11667.219999999987
2025-10-17 07:02:00,11667.219999999987,11667.219999999987
2025-10-17 08:02:00,11667.219999999987,11667.219999999987
2025-10-17 09:02:00,11667.219999999987,11667.219999999987
2025-10-17 10:02:00,11667.219999999987,11667.219999999987
2025-10-17 11:02:00,11667.219999999987,11667.219999999987
2025-10-17 12:02:00,11667.219999999987,11667.219999999987
2025-10-17 13:02:00,11667.219999999987,11667.219999999987
2025-10-17 14:02:00,11667.219999999987,11667.219999999987
2025-10-17 15:02:00,11667.219999999987,11667.219999999987
2025-10-17 16:02:00,11667.219999999987,11667.219999999987
2025-10-17 17:02:00,11667.219999999987,11667.219999999987
2025-10-17 18:02:00,11667.219999999987,11667.219999999987
2025-10-17 19:02:00,11667.219999999987,11667.219999999987
2025-10-17 20:02:00,11667.219999999987,11667.219999999987
2025-10-17 21:02:00,11667.219999999987,11667.219999999987
2025-10-17 22:02:00,11667.219999999987,11667.219999999987
2025-10-17 23:02:00,11667.219999999987,11667.219999999987
2025-10-20 01:03:00,11667.219999999987,11667.219999999987
2025-10-20 02:03:00,11667.219999999987,11667.219999999987
2025-10-20 03:03:00,11667.219999999987,11667.219999999987
2025-10-20 04:03:00,11667.219999999987,11667.219999999987
2025-10-20 05:03:00,11667.219999999987,11667.219999999987
2025-10-20 06:03:00,11667.219999999987,11667.219999999987
2025-10-20 07:03:00,11667.219999999987,11667.219999999987
2025-10-20 08:03:00,11667.219999999987,11667.219999999987
2025-10-20 09:03:00,11667.219999999987,11667.219999999987
2025-10-20 10:03:00,11667.219999999987,11667.219999999987
2025-10-20 11:03:00,11667.219999999987,11667.219999999987
2025-10-20 12:03:00,11667.219999999987,11667.219999999987
2025-10-20 13:03:00,11667.219999999987,11667.219999999987
2025-10-20 14:03:00,11745.239999999983,11848.889999999981
2025-10-20 15:03:00,11851.61999999998,12155.71999999998
2025-10-20 16:03:00,12286.969999999976,12286.969999999976
2025-10-20 17:03:00,12286.969999999976,12286.969999999976
2025-10-20 18:03:00,12286.969999999976,12286.969999999976
2025-10-20 19:03:00,12286.969999999976,12286.969999999976
2025-10-20 20:03:00,12286.969999999976,12286.969999999976
2025-10-20 21:03:00,12286.969999999976,12286.969999999976
2025-10-20 22:03:00,12286.969999999976,12286.969999999976
2025-10-20 23:03:00,12286.969999999976,12286.969999999976
2025-10-21 01:04:00,12164.409999999978,12162.80999999998
2025-10-21 02:04:00,12177.669999999975,12177.669999999975
2025-10-21 03:04:00,12177.669999999975,12177.669999999975
2025-10-21 04:04:00,12177.669999999975,12177.669999999975
2025-10-21 05:04:00,12177.669999999975,12177.669999999975
2025-10-21 06:04:00,12177.669999999975,12177.669999999975
2025-10-21 07:04:00,12177.669999999975,12177.669999999975
2025-10-21 08:04:00,12177.669999999975,12177.669999999975
2025-10-21 09:04:00,12177.669999999975,12177.669999999975
2025-10-21 10:04:00,12177.669999999975,12177.669999999975
2025-10-21 11:04:00,12057.729999999974,12057.729999999974
2025-10-21 12:04:00,12057.729999999974,12057.729999999974
2025-10-21 13:04:00,12057.729999999974,12057.729999999974
2025-10-21 14:04:00,12057.729999999974,12057.729999999974
2025-10-21 15:04:00,12057.729999999974,12057.729999999974
2025-10-21 16:04:00,12057.729999999974,12057.729999999974
2025-10-21 17:04:00,12057.729999999974,12057.729999999974
2025-10-21 18:04:00,12057.729999999974,12057.729999999974
2025-10-21 19:04:00,12057.729999999974,12057.729999999974
2025-10-21 20:04:00,12057.729999999974,12057.729999999974
2025-10-21 21:04:00,12057.729999999974,12057.729999999974
2025-10-21 22:04:00,12057.729999999974,12057.729999999974
2025-10-21 23:04:00,12057.729999999974,12057.729999999974
2025-10-22 01:05:00,12057.729999999974,12057.729999999974
2025-10-22 02:05:00,12057.729999999974,12057.729999999974
2025-10-22 03:05:00,12057.729999999974,12057.729999999974
2025-10-22 04:05:00,12057.729999999974,12057.729999999974
2025-10-22 05:05:00,12057.729999999974,12057.729999999974
2025-10-22 06:05:00,12057.729999999974,12057.729999999974
2025-10-22 07:05:00,12057.729999999974,12057.729999999974
2025-10-22 08:05:00,12057.729999999974,12057.729999999974
2025-10-22 09:05:00,12057.729999999974,12057.729999999974
2025-10-22 10:05:00,12057.729999999974,12057.729999999974
2025-10-22 11:05:00,12057.729999999974,12057.729999999974
2025-10-22 12:05:00,12057.729999999974,12057.729999999974
2025-10-22 13:05:00,12057.729999999974,12057.729999999974
2025-10-22 14:05:00,12057.729999999974,12057.729999999974
2025-10-22 15:05:00,12057.729999999974,12057.729999999974
2025-10-22 16:05:00,12057.729999999974,12057.729999999974
2025-10-22 17:05:00,12066.329999999974,12066.329999999974
2025-10-22 18:05:00,12066.329999999974,12066.329999999974
2025-10-22 19:05:00,12066.329999999974,12066.329999999974
2025-10-22 20:05:00,12066.329999999974,12066.329999999974
2025-10-22 21:05:00,12066.329999999974,12066.329999999974
2025-10-22 22:05:00,12066.329999999974,12066.329999999974
2025-10-22 23:05:00,12066.329999999974,12066.329999999974
2025-10-23 01:06:00,12066.329999999974,12066.329999999974
2025-10-23 02:06:00,12066.329999999974,12066.329999999974
2025-10-23 03:06:00,12066.329999999974,12066.329999999974
2025-10-23 04:06:00,12066.329999999974,12066.329999999974
2025-10-23 05:06:00,11960.40999999997,11960.40999999997
2025-10-23 06:06:00,11960.40999999997,11960.40999999997
2025-10-23 07:06:00,11960.40999999997,11960.40999999997
2025-10-23 08:06:00,11960.40999999997,11960.40999999997
2025-10-23 09:06:00,11959.70999999997,11906.609999999966
2025-10-23 10:06:00,11856.349999999971,11923.669999999967
2025-10-23 11:06:00,11881.72999999997,11947.339999999967
2025-10-23 12:06:00,11881.72999999997,11939.749999999967
2025-10-23 13:06:00,11881.72999999997,11922.22999999997
2025-10-23 14:06:00,11926.549999999977,11979.769999999975
2025-10-23 15:06:00,11926.549999999977,11989.519999999975
2025-10-23 16:06:00,11926.249999999976,11926.249999999976
2025-10-23 17:06:00,11926.249999999976,11926.249999999976
2025-10-23 18:06:00,11926.249999999976,11926.249999999976
2025-10-23 19:06:00,11926.249999999976,11926.249999999976
2025-10-23 20:06:00,11926.249999999976,11926.249999999976
2025-10-23 21:06:00,11926.249999999976,11926.249999999976
2025-10-23 22:06:00,11926.249999999976,11926.249999999976
2025-10-23 23:06:00,11926.249999999976,11926.249999999976
2025-10-24 01:07:00,11926.249999999976,11926.249999999976
2025-10-24 02:07:00,11926.249999999976,11926.249999999976
2025-10-24 03:07:00,11926.249999999976,11926.249999999976
2025-10-24 04:07:00,11926.249999999976,11926.249999999976
2025-10-24 05:07:00,11926.249999999976,11926.249999999976
2025-10-24 06:07:00,11926.249999999976,11926.249999999976
2025-10-24 07:07:00,11926.249999999976,11926.249999999976
2025-10-24 08:07:00,11926.249999999976,11926.249999999976
2025-10-24 09:07:00,11926.249999999976,11926.249999999976
2025-10-24 10:07:00,11926.249999999976,11926.249999999976
2025-10-24 11:07:00,11926.249999999976,11926.249999999976
2025-10-24 12:07:00,11926.249999999976,11926.249999999976
2025-10-24 13:07:00,11926.249999999976,11926.249999999976
2025-10-24 14:07:00,11926.249999999976,11926.249999999976
2025-10-24 15:07:00,11926.249999999976,11926.249999999976
2025-10-24 16:07:00,11926.249999999976,11926.249999999976
2025-10-24 17:07:00,11943.169999999976,11990.869999999975
2025-10-24 18:07:00,11978.129999999976,12034.569999999974
2025-10-24 19:07:00,11978.129999999976,12087.489999999976
2025-10-24 20:07:00,11978.129999999976,12072.529999999977
2025-10-24 21:07:00,11977.729999999974,11977.729999999974
2025-10-24 22:07:00,11977.729999999974,11977.729999999974
2025-10-24 23:07:00,11977.729999999974,11977.729999999974
2025-10-27 00:08:00,11977.729999999974,11977.729999999974
2025-10-27 01:08:00,11858.929999999968,11858.929999999968
2025-10-27 02:08:00,11858.929999999968,11858.929999999968
2025-10-27 03:08:00,11858.929999999968,11858.929999999968
2025-10-27 04:08:00,11858.929999999968,11858.929999999968
2025-10-27 05:08:00,11858.929999999968,11858.929999999968
2025-10-27 06:08:00,11858.929999999968,11858.929999999968
2025-10-27 07:08:00,11858.929999999968,11858.929999999968
2025-10-27 08:08:00,11858.929999999968,11858.929999999968
2025-10-27 09:08:00,11858.929999999968,11858.929999999968
2025-10-27 10:08:00,11858.929999999968,11858.929999999968
2025-10-27 11:08:00,11858.929999999968,11858.929999999968
2025-10-27 12:08:00,11858.929999999968,11858.929999999968
2025-10-27 13:08:00,11858.929999999968,11858.929999999968
2025-10-27 14:08:00,11858.929999999968,11858.929999999968
2025-10-27 15:08:00,11858.929999999968,11858.929999999968
2025-10-27 16:08:00,11858.929999999968,11858.929999999968
2025-10-27 17:08:00,11858.929999999968,11858.929999999968
2025-10-27 18:08:00,11858.929999999968,11858.929999999968
2025-10-27 19:08:00,11858.929999999968,11858.929999999968
2025-10-27 20:08:00,11858.929999999968,11858.929999999968
2025-10-27 21:08:00,11858.929999999968,11858.929999999968
2025-10-27 22:08:00,11858.929999999968,11858.929999999968
2025-10-28 00:09:00,11858.929999999968,11858.929999999968
2025-10-28 01:09:00,11858.929999999968,11858.929999999968
2025-10-28 02:09:00,11858.929999999968,11858.929999999968
2025-10-28 03:09:00,11858.929999999968,11858.929999999968
2025-10-28 04:09:00,11858.929999999968,11858.929999999968
2025-10-28 05:09:00,11858.929999999968,11858.929999999968
2025-10-28 06:09:00,11858.929999999968,11858.929999999968
2025-10-28 07:09:00,11858.929999999968,11858.929999999968
2025-10-28 08:09:00,11858.929999999968,11858.929999999968
2025-10-28 09:09:00,11858.929999999968,11858.929999999968
2025-10-28 10:09:00,11858.929999999968,11858.929999999968
2025-10-28 11:09:00,11858.929999999968,11858.929999999968
2025-10-28 12:09:00,11858.929999999968,11858.929999999968
2025-10-28 13:09:00,11858.929999999968,11858.929999999968
2025-10-28 14:09:00,11858.929999999968,11858.929999999968
2025-10-28 15:09:00,11858.929999999968,11858.929999999968
2025-10-28 16:09:00,11858.929999999968,11858.929999999968
2025-10-28 17:09:00,11858.929999999968,11858.929999999968
2025-10-28 18:09:00,11858.929999999968,11858.929999999968
2025-10-28 19:09:00,11858.929999999968,11858.929999999968
2025-10-28 20:09:00,11858.929999999968,11858.929999999968
2025-10-28 21:09:00,11858.929999999968,11858.929999999968
2025-10-28 22:09:00,11858.929999999968,11858.929999999968
2025-10-29 00:10:00,11858.509999999967,11913.649999999969
2025-10-29 01:10:00,11868.889999999967,11868.889999999967
2025-10-29 02:10:00,11868.889999999967,11868.889999999967
2025-10-29 03:10:00,11868.889999999967,11868.889999999967
2025-10-29 04:10:00,11868.889999999967,11868.889999999967
2025-10-29 05:10:00,11868.889999999967,11868.889999999967
2025-10-29 06:10:00,11868.889999999967,11868.889999999967
2025-10-29 07:10:00,11868.889999999967,11868.889999999967
2025-10-29 08:10:00,11868.889999999967,11868.889999999967
2025-10-29 09:10:00,11868.889999999967,11868.889999999967
2025-10-29 10:10:00,11868.889999999967,11868.889999999967
2025-10-29 11:10:00,11868.889999999967,11868.889999999967
2025-10-29 12:10:00,11868.889999999967,11868.889999999967
2025-10-29 13:10:00,11868.889999999967,11868.889999999967
2025-10-29 14:10:00,11868.889999999967,11868.889999999967
2025-10-29 15:10:00,11868.889999999967,11868.889999999967
2025-10-29 16:10:00,11868.889999999967,11868.889999999967
2025-10-29 17:10:00,11868.889999999967,11868.889999999967
2025-10-29 18:10:00,11747.299999999961,11747.299999999961
2025-10-29 19:10:00,11747.299999999961,11747.299999999961
2025-10-29 20:10:00,11747.299999999961,11747.299999999961
2025-10-29 21:10:00,11747.299999999961,11747.299999999961
2025-10-29 22:10:00,11747.299999999961,11747.299999999961
2025-10-30 00:11:00,11747.299999999961,11747.299999999961
2025-10-30 01:11:00,11747.299999999961,11747.299999999961
2025-10-30 02:11:00,11747.299999999961,11747.299999999961
2025-10-30 03:11:00,11747.299999999961,11747.299999999961
2025-10-30 04:11:00,11747.299999999961,11747.299999999961
2025-10-30 05:11:00,11747.299999999961,11747.299999999961
2025-10-30 06:11:00,11747.299999999961,11747.299999999961
2025-10-30 07:11:00,11747.299999999961,11747.299999999961
2025-10-30 08:11:00,11747.299999999961,11747.299999999961
2025-10-30 09:11:00,11747.299999999961,11747.299999999961
2025-10-30 10:11:00,11747.299999999961,11747.299999999961
2025-10-30 11:11:00,11747.299999999961,11747.299999999961
2025-10-30 12:11:00,11747.299999999961,11747.299999999961
2025-10-30 13:11:00,11636.059999999961,11636.059999999961
2025-10-30 14:11:00,11636.059999999961,11636.059999999961
2025-10-30 15:11:00,11636.059999999961,11636.059999999961
2025-10-30 16:11:00,11636.059999999961,11636.059999999961
2025-10-30 17:11:00,11636.059999999961,11636.059999999961
2025-10-30 18:11:00,11636.059999999961,11636.059999999961
2025-10-30 19:11:00,11636.059999999961,11636.059999999961
2025-10-30 20:11:00,11636.059999999961,11636.059999999961
2025-10-30 21:11:00,11636.059999999961,11636.059999999961
2025-10-30 22:11:00,11636.059999999961,11636.059999999961
2025-10-31 00:12:00,11636.059999999961,11636.059999999961
2025-10-31 01:12:00,11636.059999999961,11636.059999999961
2025-10-31 02:12:00,11676.409999999962,11746.609999999959
2025-10-31 03:12:00,11731.03999999996,11731.03999999996
2025-10-31 04:12:00,11731.03999999996,11731.03999999996
2025-10-31 05:12:00,11731.03999999996,11731.03999999996
2025-10-31 06:12:00,11731.03999999996,11731.03999999996
2025-10-31 07:12:00,11731.03999999996,11731.03999999996
2025-10-31 08:12:00,11731.03999999996,11731.03999999996
2025-10-31 09:12:00,11731.03999999996,11731.03999999996
2025-10-31 10:12:00,11731.03999999996,11731.03999999996
2025-10-31 11:12:00,11731.03999999996,11731.03999999996
2025-10-31 12:12:00,11731.03999999996,11731.03999999996
2025-10-31 13:12:00,11731.03999999996,11731.03999999996
2025-10-31 14:12:00,11731.03999999996,11731.03999999996
2025-10-31 15:12:00,11731.03999999996,11731.03999999996
2025-10-31 16:12:00,11731.03999999996,11731.03999999996
2025-10-31 17:12:00,11731.03999999996,11731.03999999996
2025-10-31 18:12:00,11731.03999999996,11731.03999999996
2025-10-31 19:12:00,11731.03999999996,11731.03999999996
2025-10-31 20:12:00,11611.659999999965,11558.289999999966
2025-10-31 21:12:00,11611.659999999965,11570.979999999965
2025-10-31 22:12:00,11626.059999999965,11626.059999999965
2025-11-03 01:13:00,11626.059999999965,11626.059999999965
2025-11-03 02:13:00,11626.059999999965,11626.059999999965
2025-11-03 03:13:00,11626.059999999965,11626.059999999965
2025-11-03 04:13:00,11626.059999999965,11626.059999999965
2025-11-03 05:13:00,11626.059999999965,11626.059999999965
2025-11-03 06:13:00,11626.059999999965,11626.059999999965
2025-11-03 07:13:00,11626.059999999965,11626.059999999965
2025-11-03 08:13:00,11626.059999999965,11626.059999999965
2025-11-03 09:13:00,11626.059999999965,11626.059999999965
2025-11-03 10:13:00,11626.059999999965,11626.059999999965
2025-11-03 11:13:00,11626.059999999965,11626.059999999965
2025-11-03 12:13:00,11626.059999999965,11626.059999999965
2025-11-03 13:13:00,11626.059999999965,11626.059999999965
2025-11-03 14:13:00,11624.799999999965,11620.83999999996
2025-11-03 15:13:00,11638.839999999958,11638.839999999958
2025-11-03 16:13:00,11638.839999999958,11638.839999999958
2025-11-03 17:13:00,11638.839999999958,11638.839999999958
2025-11-03 18:13:00,11638.839999999958,11638.839999999958
2025-11-03 19:13:00,11638.839999999958,11638.839999999958
2025-11-03 20:13:00,11638.839999999958,11638.839999999958
2025-11-03 21:13:00,11638.839999999958,11638.839999999958
2025-11-03 22:13:00,11638.839999999958,11638.839999999958
2025-11-03 23:13:00,11638.839999999958,11638.839999999958
2025-11-04 01:14:00,11638.069999999958,11658.74999999996
2025-11-04 02:14:00,11672.98999999996,11730.59999999996
2025-11-04 03:14:00,11715.91999999996,11778.23999999996
2025-11-04 04:14:00,11715.11999999996,11715.11999999996
2025-11-04 05:14:00,11715.11999999996,11715.11999999996
2025-11-04 06:14:00,11715.11999999996,11715.11999999996
2025-11-04 07:14:00,11715.11999999996,11715.11999999996
2025-11-04 08:14:00,11715.11999999996,11715.11999999996
2025-11-04 09:14:00,11715.11999999996,11715.11999999996
2025-11-04 10:14:00,11715.11999999996,11715.11999999996
2025-11-04 11:14:00,11715.11999999996,11715.11999999996
2025-11-04 12:14:00,11715.11999999996,11715.11999999996
2025-11-04 13:14:00,11715.11999999996,11715.11999999996
2025-11-04 14:14:00,11715.11999999996,11715.11999999996
2025-11-04 15:14:00,11715.11999999996,11715.11999999996
2025-11-04 16:14:00,11715.11999999996,11715.11999999996
2025-11-04 17:14:00,11715.11999999996,11715.11999999996
2025-11-04 18:14:00,11715.11999999996,11715.11999999996
2025-11-04 19:14:00,11715.11999999996,11715.11999999996
2025-11-04 20:14:00,11715.11999999996,11715.11999999996
2025-11-04 21:14:00,11715.11999999996,11715.11999999996
2025-11-04 22:14:00,11715.11999999996,11715.11999999996
2025-11-04 23:14:00,11715.11999999996,11715.11999999996
2025-11-05 01:15:00,11715.11999999996,11715.11999999996
2025-11-05 02:15:00,11715.11999999996,11715.11999999996
2025-11-05 03:15:00,11715.11999999996,11715.11999999996
2025-11-05 04:15:00,11715.11999999996,11715.11999999996
2025-11-05 05:15:00,11715.11999999996,11715.11999999996
2025-11-05 06:15:00,11715.11999999996,11715.11999999996
2025-11-05 07:15:00,11715.11999999996,11715.11999999996
2025-11-05 08:15:00,11715.11999999996,11715.11999999996
2025-11-05 09:15:00,11715.11999999996,11715.11999999996
2025-11-05 10:15:00,11715.11999999996,11715.11999999996
2025-11-05 11:15:00,11715.11999999996,11715.11999999996
2025-11-05 12:15:00,11715.11999999996,11715.11999999996
2025-11-05 13:15:00,11715.11999999996,11715.11999999996
2025-11-05 14:15:00,11715.11999999996,11715.11999999996
2025-11-05 15:15:00,11715.11999999996,11715.11999999996
2025-11-05 16:15:00,11715.11999999996,11715.11999999996
2025-11-05 17:15:00,11715.11999999996,11715.11999999996
2025-11-05 18:15:00,11715.11999999996,11715.11999999996
2025-11-05 19:15:00,11715.11999999996,11715.11999999996
2025-11-05 20:15:00,11715.11999999996,11715.11999999996
2025-11-05 21:15:00,11715.11999999996,11715.11999999996
2025-11-05 22:15:00,11715.11999999996,11715.11999999996
2025-11-05 23:15:00,11715.11999999996,11715.11999999996
2025-11-06 01:16:00,11715.11999999996,11715.11999999996
2025-11-06 02:16:00,11594.789999999964,11594.789999999964
2025-11-06 03:16:00,11594.789999999964,11594.789999999964
2025-11-06 04:16:00,11594.789999999964,11594.789999999964
2025-11-06 05:16:00,11594.789999999964,11594.789999999964
2025-11-06 06:16:00,11594.789999999964,11594.789999999964
2025-11-06 07:16:00,11594.789999999964,11594.789999999964
2025-11-06 08:16:00,11594.789999999964,11594.789999999964
2025-11-06 09:16:00,11594.789999999964,11594.789999999964
2025-11-06 10:16:00,11594.789999999964,11594.789999999964
2025-11-06 11:16:00,11594.789999999964,11594.789999999964
2025-11-06 12:16:00,11594.789999999964,11594.789999999964
2025-11-06 13:16:00,11594.789999999964,11594.789999999964
2025-11-06 14:16:00,11594.789999999964,11594.789999999964
2025-11-06 15:16:00,11607.249999999964,11663.649999999961
2025-11-06 16:16:00,11607.249999999964,11618.849999999962
2025-11-06 17:16:00,11488.609999999957,11488.609999999957
2025-11-06 18:16:00,11488.609999999957,11488.609999999957
2025-11-06 19:16:00,11488.609999999957,11488.609999999957
2025-11-06 20:16:00,11488.609999999957,11488.609999999957
2025-11-06 21:16:00,11488.609999999957,11488.609999999957
2025-11-06 22:16:00,11488.609999999957,11488.609999999957
2025-11-06 23:16:00,11488.609999999957,11488.609999999957
2025-11-07 01:17:00,11488.609999999957,11488.609999999957
2025-11-07 02:17:00,11488.609999999957,11488.609999999957
2025-11-07 03:17:00,11488.609999999957,11488.609999999957
2025-11-07 04:17:00,11488.609999999957,11488.609999999957
2025-11-07 05:17:00,11488.609999999957,11488.609999999957
2025-11-07 06:17:00,11488.609999999957,11488.609999999957
2025-11-07 07:17:00,11488.609999999957,11488.609999999957
2025-11-07 08:17:00,11488.609999999957,11488.609999999957
2025-11-07 09:17:00,11488.609999999957,11488.609999999957
2025-11-07 10:17:00,11488.609999999957,11488.609999999957
2025-11-07 11:17:00,11488.609999999957,11488.609999999957
2025-11-07 12:17:00,11488.609999999957,11488.609999999957
2025-11-07 13:17:00,11488.609999999957,11488.609999999957
2025-11-07 14:17:00,11488.609999999957,11488.609999999957
2025-11-07 15:17:00,11488.609999999957,11488.609999999957
2025-11-07 16:17:00,11488.609999999957,11488.609999999957
2025-11-07 17:17:00,11488.609999999957,11488.609999999957
2025-11-07 18:17:00,11488.609999999957,11488.609999999957
2025-11-07 19:17:00,11488.609999999957,11488.609999999957
2025-11-07 20:17:00,11488.609999999957,11488.609999999957
2025-11-07 21:17:00,11488.609999999957,11488.609999999957
2025-11-07 22:17:00,11488.609999999957,11488.609999999957
2025-11-07 23:17:00,11488.609999999957,11488.609999999957
2025-11-10 01:18:00,11488.609999999957,11488.609999999957
2025-11-10 02:18:00,11488.609999999957,11488.609999999957
2025-11-10 03:18:00,11488.609999999957,11488.609999999957
2025-11-10 04:18:00,11487.699999999957,11541.12999999996
2025-11-10 05:18:00,11487.699999999957,11522.669999999958
2025-11-10 06:18:00,11534.88999999996,11608.59999999996
2025-11-10 07:18:00,11534.88999999996,11600.96999999996
2025-11-10 08:18:00,11597.82999999996,11705.42999999996
2025-11-10 09:18:00,11597.82999999996,11728.38999999996
2025-11-10 10:18:00,11597.82999999996,11732.14999999996
2025-11-10 11:18:00,11597.82999999996,11729.74999999996
2025-11-10 12:18:00,11765.629999999961,11765.629999999961
2025-11-10 13:18:00,11765.629999999961,11765.629999999961
2025-11-10 14:18:00,11765.629999999961,11765.629999999961
2025-11-10 15:18:00,11765.629999999961,11765.629999999961
2025-11-10 16:18:00,11765.629999999961,11765.629999999961
2025-11-10 17:18:00,11765.629999999961,11765.629999999961
2025-11-10 18:18:00,11765.629999999961,11765.629999999961
2025-11-10 19:18:00,11765.629999999961,11765.629999999961
2025-11-10 20:18:00,11765.629999999961,11765.629999999961
2025-11-10 21:18:00,11765.629999999961,11765.629999999961
2025-11-10 22:18:00,11765.629999999961,11765.629999999961
2025-11-10 23:18:00,11765.629999999961,11765.629999999961
2025-11-11 01:19:00,11765.629999999961,11765.629999999961
2025-11-11 02:19:00,11765.629999999961,11765.629999999961
2025-11-11 03:19:00,11765.629999999961,11765.629999999961
2025-11-11 04:19:00,11765.629999999961,11765.629999999961
2025-11-11 05:19:00,11765.629999999961,11765.629999999961
2025-11-11 06:19:00,11765.629999999961,11765.629999999961
2025-11-11 07:19:00,11765.629999999961,11765.629999999961
2025-11-11 08:19:00,11765.629999999961,11765.629999999961
2025-11-11 09:19:00,11765.629999999961,11765.629999999961
2025-11-11 10:19:00,11765.629999999961,11765.629999999961
2025-11-11 11:19:00,11765.629999999961,11765.629999999961
2025-11-11 12:19:00,11765.629999999961,11765.629999999961
2025-11-11 13:19:00,11765.629999999961,11765.629999999961
2025-11-11 14:19:00,11765.629999999961,11765.629999999961
2025-11-11 15:19:00,11765.629999999961,11765.629999999961
2025-11-11 16:19:00,11765.629999999961,11765.629999999961
2025-11-11 17:19:00,11765.629999999961,11765.629999999961
2025-11-11 18:19:00,11765.629999999961,11765.629999999961
2025-11-11 19:19:00,11765.629999999961,11765.629999999961
2025-11-11 20:19:00,11765.629999999961,11765.629999999961
2025-11-11 21:19:00,11765.629999999961,11765.629999999961
2025-11-11 22:19:00,11765.629999999961,11765.629999999961
2025-11-11 23:19:00,11765.629999999961,11765.629999999961
2025-11-12 01:20:00,11765.629999999961,11765.629999999961
2025-11-12 02:20:00,11765.629999999961,11765.629999999961
2025-11-12 03:20:00,11765.629999999961,11765.629999999961
2025-11-12 04:20:00,11765.629999999961,11765.629999999961
2025-11-12 05:20:00,11765.629999999961,11765.629999999961
2025-11-12 06:20:00,11765.629999999961,11765.629999999961
2025-11-12 07:20:00,11765.629999999961,11765.629999999961
2025-11-12 08:20:00,11765.629999999961,11765.629999999961
2025-11-12 09:20:00,11765.629999999961,11765.629999999961
2025-11-12 10:20:00,11765.629999999961,11765.629999999961
2025-11-12 11:20:00,11765.629999999961,11765.629999999961
2025-11-12 12:20:00,11765.629999999961,11765.629999999961
2025-11-12 13:20:00,11765.629999999961,11765.629999999961
2025-11-12 14:20:00,11765.629999999961,11765.629999999961
2025-11-12 15:20:00,11765.629999999961,11765.629999999961
2025-11-12 16:20:00,11765.629999999961,11765.629999999961
2025-11-12 17:20:00,11765.629999999961,11765.629999999961
2025-11-12 18:20:00,11765.629999999961,11765.629999999961
2025-11-12 19:20:00,11765.629999999961,11765.629999999961
2025-11-12 20:20:00,11765.629999999961,11765.629999999961
2025-11-12 21:20:00,11765.629999999961,11765.629999999961
2025-11-12 22:20:00,11765.629999999961,11765.629999999961
2025-11-12 23:20:00,11765.629999999961,11765.629999999961
2025-11-13 01:21:00,11765.629999999961,11765.629999999961
2025-11-13 02:21:00,11765.629999999961,11765.629999999961
2025-11-13 03:21:00,11765.629999999961,11765.629999999961
2025-11-13 04:21:00,11765.629999999961,11765.629999999961
2025-11-13 05:21:00,11765.629999999961,11765.629999999961
2025-11-13 06:21:00,11765.629999999961,11765.629999999961
2025-11-13 07:21:00,11765.629999999961,11765.629999999961
2025-11-13 08:21:00,11765.629999999961,11765.629999999961
2025-11-13 09:21:00,11765.629999999961,11765.629999999961
2025-11-13 10:21:00,11765.629999999961,11765.629999999961
2025-11-13 11:21:00,11765.629999999961,11765.629999999961
2025-11-13 12:21:00,11765.629999999961,11765.629999999961
2025-11-13 13:21:00,11765.629999999961,11765.629999999961
2025-11-13 14:21:00,11765.629999999961,11765.629999999961
2025-11-13 15:21:00,11779.749999999956,11779.749999999956
2025-11-13 16:21:00,11779.749999999956,11779.749999999956
2025-11-13 17:21:00,11779.749999999956,11779.749999999956
2025-11-13 18:21:00,11779.749999999956,11779.749999999956
2025-11-13 19:21:00,11779.749999999956,11779.749999999956
2025-11-13 20:21:00,11779.749999999956,11779.749999999956
2025-11-13 21:21:00,11778.559999999956,11697.229999999952
2025-11-13 22:21:00,11787.969999999956,11810.00999999996
2025-11-13 23:21:00,11818.409999999956,12023.089999999964
2025-11-14 01:22:00,11827.109999999957,12077.229999999958
2025-11-14 02:22:00,11850.339999999956,12173.99999999996
2025-11-14 03:22:00,11850.339999999956,12081.599999999951
2025-11-14 04:22:00,11850.339999999956,12262.919999999958
2025-11-14 05:22:00,11965.819999999956,12376.639999999952
2025-11-14 06:22:00,11965.819999999956,12314.719999999961
2025-11-14 07:22:00,11965.819999999956,12198.07999999996
2025-11-14 08:22:00,11965.819999999956,12153.259999999955
2025-11-14 09:22:00,11965.619999999959,11986.81999999996
2025-11-14 10:22:00,11964.919999999958,11964.919999999958
2025-11-14 11:22:00,11964.919999999958,11964.919999999958
2025-11-14 12:22:00,11964.919999999958,11964.919999999958
2025-11-14 13:22:00,11964.919999999958,11964.919999999958
2025-11-14 14:22:00,11964.919999999958,11964.919999999958
2025-11-14 15:22:00,11964.919999999958,11964.919999999958
2025-11-14 16:22:00,11964.919999999958,11964.919999999958
2025-11-14 17:22:00,11964.919999999958,11964.919999999958
2025-11-14 18:22:00,11979.579999999956,11915.559999999956
2025-11-14 19:22:00,11870.559999999956,11870.559999999956
2025-11-14 20:22:00,11870.559999999956,11870.559999999956
2025-11-14 21:22:00,11870.559999999956,11870.559999999956
2025-11-14 22:22:00,11870.559999999956,11870.559999999956
2025-11-14 23:22:00,11870.559999999956,11870.559999999956
2025-11-17 01:23:00,11870.559999999956,11870.559999999956
2025-11-17 02:23:00,11870.559999999956,11870.559999999956
2025-11-17 03:23:00,11870.559999999956,11870.559999999956
2025-11-17 04:23:00,11870.559999999956,11870.559999999956
2025-11-17 05:23:00,11870.559999999956,11870.559999999956
2025-11-17 06:23:00,11870.559999999956,11870.559999999956
2025-11-17 07:23:00,11870.559999999956,11870.559999999956
2025-11-17 08:23:00,11870.279999999955,11886.279999999955
2025-11-17 09:23:00,11884.609999999955,11945.449999999953
2025-11-17 10:23:00,11913.269999999955,11969.529999999955
2025-11-17 11:23:00,11913.269999999955,11970.289999999954
2025-11-17 12:23:00,11913.269999999955,11975.409999999954
2025-11-17 13:23:00,11913.269999999955,11941.409999999954
2025-11-17 14:23:00,11913.269999999955,11959.569999999954
2025-11-17 15:23:00,11913.269999999955,11964.929999999955
2025-11-17 16:23:00,11913.269999999955,11934.829999999954
2025-11-17 17:23:00,11913.269999999955,11944.289999999954
2025-11-17 18:23:00,11913.069999999954,11913.069999999954
2025-11-17 19:23:00,11913.069999999954,11913.069999999954
2025-11-17 20:23:00,11913.069999999954,11913.069999999954
2025-11-17 21:23:00,11913.069999999954,11913.069999999954
2025-11-17 22:23:00,11913.069999999954,11913.069999999954
2025-11-17 23:23:00,11913.069999999954,11913.069999999954
2025-11-18 01:24:00,11913.069999999954,11913.069999999954
2025-11-18 02:24:00,11913.069999999954,11913.069999999954
2025-11-18 03:24:00,11913.069999999954,11913.069999999954
2025-11-18 04:24:00,11913.069999999954,11913.069999999954
2025-11-18 05:24:00,11913.069999999954,11913.069999999954
2025-11-18 06:24:00,11913.069999999954,11913.069999999954
2025-11-18 07:24:00,11913.069999999954,11913.069999999954
2025-11-18 08:24:00,11913.069999999954,11913.069999999954
2025-11-18 09:24:00,11913.069999999954,11913.069999999954
2025-11-18 10:24:00,11913.069999999954,11913.069999999954
2025-11-18 11:24:00,11794.089999999955,11794.089999999955
2025-11-18 12:24:00,11794.089999999955,11794.089999999955
2025-11-18 13:24:00,11794.089999999955,11794.089999999955
2025-11-18 14:24:00,11794.089999999955,11794.089999999955
2025-11-18 15:24:00,11794.089999999955,11794.089999999955
2025-11-18 16:24:00,11794.089999999955,11794.089999999955
2025-11-18 17:24:00,11794.089999999955,11794.089999999955
2025-11-18 18:24:00,11794.089999999955,11794.089999999955
2025-11-18 19:24:00,11794.089999999955,11794.089999999955
2025-11-18 20:24:00,11794.089999999955,11794.089999999955
2025-11-18 21:24:00,11794.089999999955,11794.089999999955
2025-11-18 22:24:00,11794.089999999955,11794.089999999955
2025-11-18 23:24:00,11794.089999999955,11794.089999999955
2025-11-19 01:25:00,11794.089999999955,11794.089999999955
2025-11-19 02:25:00,11794.089999999955,11794.089999999955
2025-11-19 03:25:00,11794.089999999955,11794.089999999955
2025-11-19 04:25:00,11794.089999999955,11794.089999999955
2025-11-19 05:25:00,11794.089999999955,11794.089999999955
2025-11-19 06:25:00,11794.089999999955,11794.089999999955
2025-11-19 07:25:00,11794.089999999955,11794.089999999955
2025-11-19 08:25:00,11794.089999999955,11794.089999999955
2025-11-19 09:25:00,11808.179999999955,11938.44999999996
2025-11-19 10:25:00,11896.259999999962,11896.259999999962
2025-11-19 11:25:00,11896.259999999962,11896.259999999962
2025-11-19 12:25:00,11896.259999999962,11896.259999999962
2025-11-19 13:25:00,11896.259999999962,11896.259999999962
2025-11-19 14:25:00,11896.259999999962,11896.259999999962
2025-11-19 15:25:00,11908.129999999963,11938.999999999965
2025-11-19 16:25:00,11933.409999999963,11978.699999999966
2025-11-19 17:25:00,11932.709999999966,11932.709999999966
2025-11-19 18:25:00,11816.769999999973,11816.769999999973
2025-11-19 19:25:00,11816.769999999973,11816.769999999973
2025-11-19 20:25:00,11816.769999999973,11816.769999999973
2025-11-19 21:25:00,11816.769999999973,11816.769999999973
2025-11-19 22:25:00,11816.769999999973,11816.769999999973
2025-11-19 23:25:00,11816.769999999973,11816.769999999973
2025-11-20 01:26:00,11816.769999999973,11816.769999999973
2025-11-20 02:26:00,11816.069999999972,11807.269999999971
2025-11-20 03:26:00,11842.319999999974,11920.55999999998
2025-11-20 04:26:00,11999.859999999973,12206.739999999972
2025-11-20 05:26:00,11999.859999999973,12128.819999999972
2025-11-20 06:26:00,11999.859999999973,12111.139999999972
2025-11-20 07:26:00,11999.859999999973,12141.779999999973
2025-11-20 08:26:00,11999.859999999973,12179.379999999974
2025-11-20 09:26:00,11999.859999999973,12177.979999999974
2025-11-20 10:26:00,11758.959999999972,12016.799999999972
2025-11-20 11:26:00,11758.959999999972,11932.279999999972
2025-11-20 12:26:00,11758.959999999972,11932.159999999973
2025-11-20 13:26:00,11758.959999999972,11972.919999999971
2025-11-20 14:26:00,11758.959999999972,11892.559999999972
2025-11-20 15:26:00,11758.959999999972,11825.999999999973
2025-11-20 16:26:00,11758.959999999972,11850.919999999973
2025-11-20 17:26:00,11758.55999999997,11758.55999999997
2025-11-20 18:26:00,11758.55999999997,11758.55999999997
2025-11-20 19:26:00,11798.09999999997,11873.699999999966
2025-11-20 20:26:00,11797.199999999966,11797.199999999966
2025-11-20 21:26:00,11797.199999999966,11797.199999999966
2025-11-20 22:26:00,11797.199999999966,11797.199999999966
2025-11-20 23:26:00,11797.199999999966,11797.199999999966
2025-11-21 01:27:00,11797.199999999966,11797.199999999966
2025-11-21 02:27:00,11796.289999999966,11837.759999999967
2025-11-21 03:27:00,11810.469999999963,11810.469999999963
2025-11-21 04:27:00,11810.469999999963,11810.469999999963
2025-11-21 05:27:00,11810.469999999963,11810.469999999963
2025-11-21 06:27:00,11810.469999999963,11810.469999999963
2025-11-21 07:27:00,11810.469999999963,11810.469999999963
2025-11-21 08:27:00,11810.469999999963,11810.469999999963
2025-11-21 09:27:00,11810.469999999963,11810.469999999963
2025-11-21 10:27:00,11809.769999999962,11786.969999999965
2025-11-21 11:27:00,11822.329999999962,11822.329999999962
2025-11-21 12:27:00,11822.329999999962,11822.329999999962
2025-11-21 13:27:00,11822.329999999962,11822.329999999962
2025-11-21 14:27:00,11822.329999999962,11822.329999999962
2025-11-21 15:27:00,11822.329999999962,11822.329999999962
2025-11-21 16:27:00,11822.329999999962,11822.329999999962
2025-11-21 17:27:00,11822.329999999962,11822.329999999962
2025-11-21 18:27:00,11876.549999999956,11980.769999999955
2025-11-21 19:27:00,12155.189999999953,12155.189999999953
2025-11-21 20:27:00,12155.189999999953,12155.189999999953
2025-11-21 21:27:00,12155.189999999953,12155.189999999953
2025-11-21 22:27:00,12155.189999999953,12155.189999999953
2025-11-21 23:27:00,12166.959999999955,12166.959999999955
2025-11-24 01:28:00,12166.959999999955,12166.959999999955
2025-11-24 02:28:00,12166.959999999955,12166.959999999955
2025-11-24 03:28:00,12166.959999999955,12166.959999999955
2025-11-24 04:28:00,12166.959999999955,12166.959999999955
2025-11-24 05:28:00,12166.959999999955,12166.959999999955
2025-11-24 06:28:00,12166.959999999955,12166.959999999955
2025-11-24 07:28:00,12166.959999999955,12166.959999999955
2025-11-24 08:28:00,12166.959999999955,12166.959999999955
2025-11-24 09:28:00,12166.959999999955,12166.959999999955
2025-11-24 10:28:00,12166.959999999955,12166.959999999955
2025-11-24 11:28:00,12166.959999999955,12166.959999999955
2025-11-24 12:28:00,12166.959999999955,12166.959999999955
2025-11-24 13:28:00,12166.959999999955,12166.959999999955
2025-11-24 14:28:00,12166.959999999955,12166.959999999955
2025-11-24 15:28:00,12166.959999999955,12166.959999999955
2025-11-24 16:28:00,12166.959999999955,12166.959999999955
2025-11-24 17:28:00,12166.959999999955,12166.959999999955
2025-11-24 18:28:00,12166.959999999955,12166.959999999955
2025-11-24 19:28:00,12166.959999999955,12166.959999999955
2025-11-24 20:28:00,12166.959999999955,12166.959999999955
2025-11-24 21:28:00,12166.959999999955,12166.959999999955
2025-11-24 22:28:00,12166.959999999955,12166.959999999955
2025-11-24 23:28:00,12166.959999999955,12166.959999999955
2025-11-25 01:29:00,12166.959999999955,12166.959999999955
2025-11-25 02:29:00,12166.959999999955,12166.959999999955
2025-11-25 03:29:00,12166.959999999955,12166.959999999955
2025-11-25 04:29:00,12166.959999999955,12166.959999999955
2025-11-25 05:29:00,12166.959999999955,12166.959999999955
2025-11-25 06:29:00,12166.959999999955,12166.959999999955
2025-11-25 07:29:00,12166.959999999955,12166.959999999955
2025-11-25 08:29:00,12166.959999999955,12166.959999999955
2025-11-25 09:29:00,12166.959999999955,12166.959999999955
2025-11-25 10:29:00,12166.959999999955,12166.959999999955
2025-11-25 11:29:00,12270.47999999996,12386.319999999963
2025-11-25 12:29:00,12270.47999999996,12436.719999999965
2025-11-25 13:29:00,12270.47999999996,12448.719999999965
2025-11-25 14:29:00,12270.47999999996,12450.719999999965
2025-11-25 15:29:00,12455.94999999996,12635.799999999961
2025-11-25 16:29:00,12454.649999999967,12551.329999999967
2025-11-25 17:29:00,12454.649999999967,12525.049999999968
2025-11-25 18:29:00,12454.649999999967,12575.449999999966
2025-11-25 19:29:00,12454.649999999967,12612.92999999997
2025-11-25 20:29:00,12454.649999999967,12584.729999999969
2025-11-25 21:29:00,12454.649999999967,12533.969999999967
2025-11-25 22:29:00,12454.649999999967,12542.689999999968
2025-11-25 23:29:00,12454.649999999967,12534.289999999966
2025-11-26 01:30:00,12448.649999999967,12535.369999999968
2025-11-26 02:30:00,12448.649999999967,12574.249999999969
2025-11-26 03:30:00,12448.649999999967,12592.049999999968
2025-11-26 04:30:00,12448.649999999967,12663.569999999969
2025-11-26 05:30:00,12448.649999999967,12662.569999999969
2025-11-26 06:30:00,12448.649999999967,12636.689999999968
2025-11-26 07:30:00,12448.649999999967,12671.169999999967
2025-11-26 08:30:00,12448.649999999967,12632.849999999968
2025-11-26 09:30:00,12448.649999999967,12617.009999999967
2025-11-26 10:30:00,12448.649999999967,12672.169999999967
2025-11-26 11:30:00,12448.649999999967,12655.649999999967
2025-11-26 12:30:00,12448.649999999967,12646.329999999967
2025-11-26 13:30:00,12448.649999999967,12673.889999999968
2025-11-26 14:30:00,12448.649999999967,12658.849999999968
2025-11-26 15:30:00,12448.649999999967,12649.329999999967
2025-11-26 16:30:00,12448.649999999967,12586.049999999968
2025-11-26 17:30:00,12448.649999999967,12648.729999999969
2025-11-26 18:30:00,12448.649999999967,12659.809999999967
2025-11-26 19:30:00,12448.649999999967,12678.849999999968
2025-11-26 20:30:00,12448.649999999967,12669.609999999966
2025-11-26 21:30:00,12448.649999999967,12677.009999999967
2025-11-26 22:30:00,12448.649999999967,12672.209999999968
2025-11-26 23:30:00,12448.649999999967,12661.409999999969
2025-11-27 01:31:00,12446.649999999967,12661.729999999969
2025-11-27 02:31:00,12446.649999999967,12671.849999999968
2025-11-27 03:31:00,12446.649999999967,12627.489999999967
2025-11-27 04:31:00,12446.649999999967,12604.329999999967
2025-11-27 05:31:00,12446.649999999967,12600.209999999968
2025-11-27 06:31:00,12446.649999999967,12612.409999999969
2025-11-27 07:31:00,12446.649999999967,12613.969999999967
2025-11-27 08:31:00,12446.649999999967,12626.489999999967
2025-11-27 09:31:00,12446.649999999967,12639.489999999967
2025-11-27 10:31:00,12446.649999999967,12660.729999999969
2025-11-27 11:31:00,12446.649999999967,12620.209999999968
2025-11-27 12:31:00,12446.649999999967,12623.489999999967
2025-11-27 13:31:00,12446.649999999967,12641.289999999966
2025-11-27 14:31:00,12446.649999999967,12634.289999999966
2025-11-27 15:31:00,12446.649999999967,12625.409999999969
2025-11-27 16:31:00,12446.649999999967,12635.209999999968
2025-11-27 17:31:00,12446.649999999967,12647.009999999967
2025-11-27 18:31:00,12446.649999999967,12628.209999999968
2025-11-27 19:31:00,12446.649999999967,12634.129999999966
2025-11-27 20:31:00,12446.649999999967,12630.889999999968
2025-11-28 01:00:00,12444.649999999967,12645.369999999968
2025-11-28 02:00:00,12444.649999999967,12657.849999999968
2025-11-28 03:00:00,12723.609999999966,12723.609999999966
2025-11-28 04:00:00,12723.609999999966,12723.609999999966
2025-11-28 05:00:00,12723.609999999966,12723.609999999966
2025-11-28 06:00:00,12723.609999999966,12723.609999999966
2025-11-28 07:00:00,12723.609999999966,12723.609999999966
2025-11-28 08:00:00,12894.539999999954,12894.539999999954
2025-11-28 09:00:00,12894.539999999954,12894.539999999954
2025-11-28 10:00:00,12894.539999999954,12894.539999999954
2025-11-28 11:00:00,12894.539999999954,12894.539999999954
2025-11-28 12:00:00,12894.539999999954,12894.539999999954
2025-11-28 13:00:00,12894.539999999954,12894.539999999954
2025-11-28 14:00:00,12892.859999999953,12909.419999999944
2025-11-28 15:00:00,12949.19999999995,13044.479999999945
2025-11-28 16:00:00,12947.999999999945,12947.999999999945
2025-11-28 17:00:00,12947.999999999945,12947.999999999945
2025-11-28 18:00:00,12946.529999999946,12921.74999999994
2025-11-28 19:00:00,12962.62999999994,12962.62999999994
2025-11-28 20:00:00,12962.62999999994,12962.62999999994
2025-11-28 21:00:00,12962.62999999994,12962.62999999994
2025-12-01 01:14:00,12962.62999999994,12962.62999999994
2025-12-01 02:14:00,12962.62999999994,12962.62999999994
2025-12-01 03:14:00,12962.62999999994,12962.62999999994
2025-12-01 04:14:00,12962.62999999994,12962.62999999994
2025-12-01 05:14:00,12962.62999999994,12962.62999999994
2025-12-01 06:14:00,12962.62999999994,12962.62999999994
2025-12-01 07:14:00,12962.62999999994,12962.62999999994
2025-12-01 08:14:00,12961.15999999994,12968.089999999938
2025-12-01 09:14:00,12977.509999999935,12977.509999999935
2025-12-01 10:14:00,12977.509999999935,12977.509999999935
2025-12-01 11:14:00,12977.509999999935,12977.509999999935
2025-12-01 12:14:00,12977.509999999935,12977.509999999935
2025-12-01 13:14:00,12977.509999999935,12977.509999999935
2025-12-01 14:14:00,12977.509999999935,12977.509999999935
2025-12-01 15:14:00,12977.509999999935,12977.509999999935
2025-12-01 16:14:00,12977.509999999935,12977.509999999935
2025-12-01 17:14:00,12977.509999999935,12977.509999999935
2025-12-01 18:14:00,12977.509999999935,12977.509999999935
2025-12-01 19:14:00,12977.509999999935,12977.509999999935
2025-12-01 20:14:00,12977.509999999935,12977.509999999935
2025-12-01 21:14:00,12977.509999999935,12977.509999999935
2025-12-01 22:14:00,12977.509999999935,12977.509999999935
2025-12-01 23:14:00,12993.269999999935,13048.349999999931
2025-12-02 01:15:00,12991.569999999929,12991.569999999929
2025-12-02 02:15:00,12991.569999999929,12991.569999999929
2025-12-02 03:15:00,12991.569999999929,12991.569999999929
2025-12-02 04:15:00,12991.569999999929,12991.569999999929
2025-12-02 05:15:00,12991.569999999929,12991.569999999929
2025-12-02 06:15:00,12991.569999999929,12991.569999999929
2025-12-02 07:15:00,12991.569999999929,12991.569999999929
2025-12-02 08:15:00,12991.569999999929,12991.569999999929
2025-12-02 09:15:00,12991.569999999929,12991.569999999929
2025-12-02 10:15:00,12991.569999999929,12991.569999999929
2025-12-02 11:15:00,12991.569999999929,12991.569999999929
2025-12-02 12:15:00,13115.269999999935,13141.589999999935
2025-12-02 13:15:00,13115.269999999935,13164.069999999938
2025-12-02 14:15:00,13303.82999999994,13303.82999999994
2025-12-02 15:15:00,13303.82999999994,13303.82999999994
2025-12-02 16:15:00,13303.82999999994,13303.82999999994
2025-12-02 17:15:00,13303.82999999994,13303.82999999994
2025-12-02 18:15:00,13303.82999999994,13303.82999999994
2025-12-02 19:15:00,13303.12999999994,13325.529999999946
2025-12-02 20:15:00,13303.12999999994,13308.029999999946
2025-12-02 21:15:00,13317.409999999945,13317.409999999945
2025-12-02 22:15:00,13317.409999999945,13317.409999999945
2025-12-02 23:15:00,13317.409999999945,13317.409999999945
2025-12-03 01:16:00,13317.409999999945,13317.409999999945
2025-12-03 02:16:00,13317.409999999945,13317.409999999945
2025-12-03 03:16:00,13317.409999999945,13317.409999999945
2025-12-03 04:16:00,13317.409999999945,13317.409999999945
2025-12-03 05:16:00,13317.409999999945,13317.409999999945
2025-12-03 06:16:00,13317.409999999945,13317.409999999945
2025-12-03 07:16:00,13317.409999999945,13317.409999999945
2025-12-03 08:16:00,13317.409999999945,13317.409999999945
2025-12-03 09:16:00,13317.409999999945,13317.409999999945
2025-12-03 10:16:00,13317.409999999945,13317.409999999945
2025-12-03 11:16:00,13317.409999999945,13317.409999999945
2025-12-03 12:16:00,13317.409999999945,13317.409999999945
2025-12-03 13:16:00,13317.409999999945,13317.409999999945
2025-12-03 14:16:00,13317.409999999945,13317.409999999945
2025-12-03 15:16:00,13317.409999999945,13317.409999999945
2025-12-03 16:16:00,13317.409999999945,13317.409999999945
2025-12-03 17:16:00,13317.409999999945,13317.409999999945
2025-12-03 18:16:00,13317.409999999945,13317.409999999945
2025-12-03 19:16:00,13185.949999999935,13185.949999999935
2025-12-03 20:16:00,13185.949999999935,13185.949999999935
2025-12-03 21:16:00,13185.949999999935,13185.949999999935
2025-12-03 22:16:00,13185.949999999935,13185.949999999935
2025-12-03 23:16:00,13185.949999999935,13185.949999999935
2025-12-04 01:17:00,13185.949999999935,13185.949999999935
2025-12-04 02:17:00,13185.949999999935,13185.949999999935
2025-12-04 03:17:00,13185.949999999935,13185.949999999935
2025-12-04 04:17:00,13185.949999999935,13185.949999999935
2025-12-04 05:17:00,13185.949999999935,13185.949999999935
2025-12-04 06:17:00,13185.949999999935,13185.949999999935
2025-12-04 07:17:00,13185.949999999935,13185.949999999935
2025-12-04 08:17:00,13185.949999999935,13185.949999999935
2025-12-04 09:17:00,13185.949999999935,13185.949999999935
2025-12-04 10:17:00,13185.949999999935,13185.949999999935
2025-12-04 11:17:00,13185.949999999935,13185.949999999935
2025-12-04 12:17:00,13185.949999999935,13185.949999999935
2025-12-04 13:17:00,13185.949999999935,13185.949999999935
2025-12-04 14:17:00,13185.949999999935,13185.949999999935
2025-12-04 15:17:00,13185.949999999935,13185.949999999935
2025-12-04 16:17:00,13185.949999999935,13185.949999999935
2025-12-04 17:17:00,13185.949999999935,13185.949999999935
2025-12-04 18:17:00,13185.949999999935,13185.949999999935
2025-12-04 19:17:00,13185.949999999935,13185.949999999935
2025-12-04 20:17:00,13185.949999999935,13185.949999999935
2025-12-04 21:17:00,13185.949999999935,13185.949999999935
2025-12-04 22:17:00,13185.949999999935,13185.949999999935
2025-12-04 23:17:00,13185.949999999935,13185.949999999935
2025-12-05 01:18:00,13185.949999999935,13185.949999999935
2025-12-05 02:18:00,13185.949999999935,13185.949999999935
2025-12-05 03:18:00,13185.949999999935,13185.949999999935
2025-12-05 04:18:00,13185.949999999935,13185.949999999935
2025-12-05 05:18:00,13185.949999999935,13185.949999999935
2025-12-05 06:18:00,13185.949999999935,13185.949999999935
2025-12-05 07:18:00,13185.949999999935,13185.949999999935
2025-12-05 08:18:00,13185.949999999935,13185.949999999935
2025-12-05 09:18:00,13185.949999999935,13185.949999999935
2025-12-05 10:18:00,13185.949999999935,13185.949999999935
2025-12-05 11:18:00,13185.949999999935,13185.949999999935
2025-12-05 12:18:00,13185.949999999935,13185.949999999935
2025-12-05 13:18:00,13185.949999999935,13185.949999999935
2025-12-05 14:18:00,13185.949999999935,13185.949999999935
2025-12-05 15:18:00,13185.949999999935,13185.949999999935
2025-12-05 16:18:00,13185.949999999935,13185.949999999935
2025-12-05 17:18:00,13185.949999999935,13185.949999999935
2025-12-05 18:18:00,13516.569999999934,13516.569999999934
2025-12-05 19:18:00,13516.569999999934,13516.569999999934
2025-12-05 20:18:00,13516.569999999934,13516.569999999934
2025-12-05 21:18:00,13516.569999999934,13516.569999999934
2025-12-05 22:18:00,13516.569999999934,13516.569999999934
2025-12-05 23:18:00,13516.569999999934,13516.569999999934
2025-12-08 01:19:00,13516.569999999934,13516.569999999934
2025-12-08 02:19:00,13516.569999999934,13516.569999999934
2025-12-08 03:19:00,13516.569999999934,13516.569999999934
2025-12-08 04:19:00,13516.569999999934,13516.569999999934
2025-12-08 05:19:00,13516.569999999934,13516.569999999934
2025-12-08 06:19:00,13516.569999999934,13516.569999999934
2025-12-08 07:19:00,13516.569999999934,13516.569999999934
2025-12-08 08:19:00,13516.569999999934,13516.569999999934
2025-12-08 09:19:00,13516.569999999934,13516.569999999934
2025-12-08 10:19:00,13516.569999999934,13516.569999999934
2025-12-08 11:19:00,13516.569999999934,13516.569999999934
2025-12-08 12:19:00,13516.569999999934,13516.569999999934
2025-12-08 13:19:00,13516.569999999934,13516.569999999934
2025-12-08 14:19:00,13516.569999999934,13516.569999999934
2025-12-08 15:19:00,13516.569999999934,13516.569999999934
2025-12-08 16:19:00,13516.569999999934,13516.569999999934
2025-12-08 17:19:00,13516.569999999934,13516.569999999934
2025-12-08 18:19:00,13516.569999999934,13516.569999999934
2025-12-08 19:19:00,13516.569999999934,13516.569999999934
2025-12-08 20:19:00,13516.569999999934,13516.569999999934
2025-12-08 21:19:00,13516.569999999934,13516.569999999934
2025-12-08 22:19:00,13516.569999999934,13516.569999999934
2025-12-08 23:19:00,13516.569999999934,13516.569999999934
2025-12-09 01:20:00,13516.569999999934,13516.569999999934
2025-12-09 02:20:00,13516.569999999934,13516.569999999934
2025-12-09 03:20:00,13516.569999999934,13516.569999999934
2025-12-09 04:20:00,13516.569999999934,13516.569999999934
2025-12-09 05:20:00,13516.569999999934,13516.569999999934
2025-12-09 06:20:00,13516.569999999934,13516.569999999934
2025-12-09 07:20:00,13516.569999999934,13516.569999999934
2025-12-09 08:20:00,13516.569999999934,13516.569999999934
2025-12-09 09:20:00,13516.569999999934,13516.569999999934
2025-12-09 10:20:00,13516.569999999934,13516.569999999934
2025-12-09 11:20:00,13244.769999999926,13244.769999999926
2025-12-09 12:20:00,13244.769999999926,13244.769999999926
2025-12-09 13:20:00,13244.769999999926,13244.769999999926
2025-12-09 14:20:00,13243.719999999927,13222.269999999922
2025-12-09 15:20:00,13259.589999999926,13282.389999999921
2025-12-09 16:20:00,13258.389999999921,13258.389999999921
2025-12-09 17:20:00,13258.389999999921,13258.389999999921
2025-12-09 18:20:00,13258.389999999921,13258.389999999921
2025-12-09 19:20:00,13258.389999999921,13258.389999999921
2025-12-09 20:20:00,13258.389999999921,13258.389999999921
2025-12-09 21:20:00,13258.389999999921,13258.389999999921
2025-12-09 22:20:00,13258.389999999921,13258.389999999921
2025-12-09 23:20:00,13258.389999999921,13258.389999999921
2025-12-10 01:21:00,13258.389999999921,13258.389999999921
2025-12-10 02:21:00,13258.389999999921,13258.389999999921
2025-12-10 03:21:00,13258.389999999921,13258.389999999921
2025-12-10 04:21:00,13258.389999999921,13258.389999999921
2025-12-10 05:21:00,13258.389999999921,13258.389999999921
2025-12-10 06:21:00,13258.389999999921,13258.389999999921
2025-12-10 07:21:00,13258.389999999921,13258.389999999921
2025-12-10 08:21:00,13258.389999999921,13258.389999999921
2025-12-10 09:21:00,13258.389999999921,13258.389999999921
2025-12-10 10:21:00,13258.389999999921,13258.389999999921
2025-12-10 11:21:00,13258.389999999921,13258.389999999921
2025-12-10 12:21:00,13258.389999999921,13258.389999999921
2025-12-10 13:21:00,13258.389999999921,13258.389999999921
2025-12-10 14:21:00,13258.389999999921,13258.389999999921
2025-12-10 15:21:00,13258.389999999921,13258.389999999921
2025-12-10 16:21:00,13258.389999999921,13258.389999999921
2025-12-10 17:21:00,13258.389999999921,13258.389999999921
2025-12-10 18:21:00,13258.389999999921,13258.389999999921
2025-12-10 19:21:00,13258.389999999921,13258.389999999921
2025-12-10 20:21:00,13258.389999999921,13258.389999999921
2025-12-10 21:21:00,13258.389999999921,13258.389999999921
2025-12-10 22:21:00,13257.899999999921,13227.51999999992
2025-12-10 23:21:00,13267.86999999992,13308.06999999992
2025-12-11 01:22:00,13268.76999999992,13300.149999999918
2025-12-11 02:22:00,13267.539999999919,13234.329999999922
2025-12-11 03:22:00,13267.539999999919,13275.369999999919
2025-12-11 04:22:00,13267.539999999919,13317.939999999922
2025-12-11 05:22:00,13318.029999999919,13455.479999999923
2025-12-11 06:22:00,13318.029999999919,13455.479999999923
2025-12-11 07:22:00,13318.029999999919,13455.479999999923
2025-12-11 08:22:00,13385.369999999919,13465.029999999919
2025-12-11 09:22:00,13385.369999999919,13468.869999999919
2025-12-11 10:22:00,13385.369999999919,13475.22999999992
2025-12-11 11:22:00,13385.369999999919,13473.00999999992
2025-12-11 12:22:00,13385.369999999919,13477.32999999992
2025-12-11 13:22:00,13385.369999999919,13474.399999999921
2025-12-11 14:22:00,13385.369999999919,13477.22999999992
2025-12-11 15:22:00,13385.369999999919,13464.74999999992
2025-12-11 16:22:00,13400.20999999992,13499.869999999919
2025-12-11 17:22:00,13430.019999999919,13521.009999999918
2025-12-11 18:22:00,13430.019999999919,13576.32999999992
2025-12-11 19:22:00,13489.399999999918,13618.579999999918
2025-12-11 20:22:00,13489.399999999918,13628.919999999918
2025-12-11 21:22:00,13487.509999999918,13652.869999999932
2025-12-11 22:22:00,13504.389999999923,13557.149999999927
2025-12-11 23:22:00,13504.389999999923,13705.789999999926
2025-12-12 01:23:00,13549.009999999922,13738.86999999992
2025-12-12 02:23:00,13549.009999999922,13737.369999999924
2025-12-12 03:23:00,13548.20999999992,13659.369999999919
2025-12-12 04:23:00,13548.20999999992,13673.22999999992
2025-12-12 05:23:00,13548.20999999992,13665.58999999992
2025-12-12 06:23:00,13548.20999999992,13660.06999999992
2025-12-12 07:23:00,13548.20999999992,13667.06999999992
2025-12-12 08:23:00,13548.20999999992,13683.02999999992
2025-12-12 09:23:00,13548.20999999992,13693.58999999992
2025-12-12 10:23:00,13548.20999999992,13709.64999999992
2025-12-12 11:23:00,13548.20999999992,13754.88999999992
2025-12-12 12:23:00,13548.20999999992,13766.44999999992
2025-12-12 13:23:00,13785.70999999992,13785.70999999992
2025-12-12 14:23:00,13785.70999999992,13785.70999999992
2025-12-12 15:23:00,13785.70999999992,13785.70999999992
2025-12-12 16:23:00,13785.70999999992,13785.70999999992
2025-12-12 17:23:00,13785.70999999992,13785.70999999992
2025-12-12 18:23:00,13785.70999999992,13785.70999999992
2025-12-12 19:23:00,13785.70999999992,13785.70999999992
2025-12-12 20:23:00,13785.70999999992,13785.70999999992
2025-12-12 21:23:00,13785.70999999992,13785.70999999992
2025-12-12 22:23:00,13785.70999999992,13785.70999999992
2025-12-12 23:23:00,13785.70999999992,13785.70999999992
2025-12-15 01:24:00,13785.70999999992,13785.70999999992
2025-12-15 02:24:00,13785.70999999992,13785.70999999992
2025-12-15 03:24:00,13785.70999999992,13785.70999999992
2025-12-15 04:24:00,13785.70999999992,13785.70999999992
2025-12-15 05:24:00,13799.95999999992,13875.6099999999
2025-12-15 06:24:00,13799.159999999916,13788.719999999917
2025-12-15 07:24:00,13799.159999999916,13794.119999999912
2025-12-15 08:24:00,13660.55999999991,13660.55999999991
2025-12-15 09:24:00,13660.55999999991,13660.55999999991
2025-12-15 10:24:00,13785.92999999991,14053.379999999921
2025-12-15 11:24:00,13971.46999999991,14206.539999999895
2025-12-15 12:24:00,13971.46999999991,14234.539999999895
2025-12-15 13:24:00,13968.669999999907,13968.669999999907
2025-12-15 14:24:00,13968.669999999907,13968.669999999907
2025-12-15 15:24:00,13968.669999999907,13968.669999999907
2025-12-15 16:24:00,13968.669999999907,13968.669999999907
2025-12-15 17:24:00,13968.669999999907,13968.669999999907
2025-12-15 18:24:00,13968.669999999907,13968.669999999907
2025-12-15 19:24:00,13968.669999999907,13968.669999999907
2025-12-15 20:24:00,13968.669999999907,13968.669999999907
2025-12-15 21:24:00,13968.669999999907,13968.669999999907
2025-12-15 22:24:00,13968.669999999907,13968.669999999907
2025-12-15 23:24:00,13968.669999999907,13968.669999999907
2025-12-16 01:25:00,13968.669999999907,13968.669999999907
2025-12-16 02:25:00,13968.669999999907,13968.669999999907
2025-12-16 03:25:00,13968.669999999907,13968.669999999907
2025-12-16 04:25:00,13968.669999999907,13968.669999999907
2025-12-16 05:25:00,13968.669999999907,13968.669999999907
2025-12-16 06:25:00,13968.669999999907,13968.669999999907
2025-12-16 07:25:00,13968.669999999907,13968.669999999907
2025-12-16 08:25:00,13968.669999999907,13968.669999999907
2025-12-16 09:25:00,13968.669999999907,13968.669999999907
2025-12-16 10:25:00,13968.669999999907,13968.669999999907
2025-12-16 11:25:00,13968.669999999907,13968.669999999907
2025-12-16 12:25:00,13968.669999999907,13968.669999999907
2025-12-16 13:25:00,13968.669999999907,13968.669999999907
2025-12-16 14:25:00,13968.669999999907,13968.669999999907
2025-12-16 15:25:00,13968.669999999907,13968.669999999907
2025-12-16 16:25:00,13825.869999999913,13825.869999999913
2025-12-16 17:25:00,13825.869999999913,13825.869999999913
2025-12-16 18:25:00,13825.869999999913,13825.869999999913
2025-12-16 19:25:00,13825.869999999913,13825.869999999913
2025-12-16 20:25:00,13825.869999999913,13825.869999999913
2025-12-16 21:25:00,13825.869999999913,13825.869999999913
2025-12-16 22:25:00,13825.869999999913,13825.869999999913
2025-12-16 23:25:00,13825.869999999913,13825.869999999913
2025-12-17 01:26:00,13825.869999999913,13825.869999999913
2025-12-17 02:26:00,13825.869999999913,13825.869999999913
2025-12-17 03:26:00,13825.869999999913,13825.869999999913
2025-12-17 04:26:00,13825.869999999913,13825.869999999913
2025-12-17 05:26:00,13825.869999999913,13825.869999999913
2025-12-17 06:26:00,13825.869999999913,13825.869999999913
2025-12-17 07:26:00,13825.869999999913,13825.869999999913
2025-12-17 08:26:00,13825.869999999913,13825.869999999913
2025-12-17 09:26:00,13825.869999999913,13825.869999999913
2025-12-17 10:26:00,13825.869999999913,13825.869999999913
2025-12-17 11:26:00,13825.869999999913,13825.869999999913
2025-12-17 12:26:00,13825.869999999913,13825.869999999913
2025-12-17 13:26:00,13825.869999999913,13825.869999999913
2025-12-17 14:26:00,13825.869999999913,13825.869999999913
2025-12-17 15:26:00,13825.869999999913,13825.869999999913
2025-12-17 16:26:00,13825.869999999913,13825.869999999913
2025-12-17 17:26:00,13825.869999999913,13825.869999999913
2025-12-17 18:26:00,13825.869999999913,13825.869999999913
2025-12-17 19:26:00,13825.869999999913,13825.869999999913
2025-12-17 20:26:00,13825.869999999913,13825.869999999913
2025-12-17 21:26:00,13825.869999999913,13825.869999999913
2025-12-17 22:26:00,13825.869999999913,13825.869999999913
2025-12-17 23:26:00,13825.869999999913,13825.869999999913
2025-12-18 01:27:00,13825.869999999913,13825.869999999913
2025-12-18 02:27:00,13825.869999999913,13825.869999999913
2025-12-18 03:27:00,13825.869999999913,13825.869999999913
2025-12-18 04:27:00,13825.869999999913,13825.869999999913
2025-12-18 05:27:00,13825.869999999913,13825.869999999913
2025-12-18 06:27:00,13825.869999999913,13825.869999999913
2025-12-18 07:27:00,13825.869999999913,13825.869999999913
2025-12-18 08:27:00,13825.869999999913,13825.869999999913
2025-12-18 09:27:00,13825.869999999913,13825.869999999913
2025-12-18 10:27:00,13825.869999999913,13825.869999999913
2025-12-18 11:27:00,13825.869999999913,13825.869999999913
2025-12-18 12:27:00,13825.869999999913,13825.869999999913
2025-12-18 13:27:00,13825.869999999913,13825.869999999913
2025-12-18 14:27:00,13825.869999999913,13825.869999999913
2025-12-18 15:27:00,13825.869999999913,13825.869999999913
2025-12-18 16:27:00,13825.869999999913,13825.869999999913
2025-12-18 17:27:00,13840.11999999992,13840.11999999992
2025-12-18 18:27:00,13840.11999999992,13840.11999999992
2025-12-18 19:27:00,13840.11999999992,13840.11999999992
2025-12-18 20:27:00,13840.11999999992,13840.11999999992
2025-12-18 21:27:00,13840.11999999992,13840.11999999992
2025-12-18 22:27:00,13840.11999999992,13840.11999999992
2025-12-18 23:27:00,13840.11999999992,13840.11999999992
2025-12-19 01:28:00,13840.11999999992,13840.11999999992
2025-12-19 02:28:00,13840.11999999992,13840.11999999992
2025-12-19 03:28:00,13840.11999999992,13840.11999999992
2025-12-19 04:28:00,13840.11999999992,13840.11999999992
2025-12-19 05:28:00,13840.11999999992,13840.11999999992
2025-12-19 06:28:00,13840.11999999992,13840.11999999992
2025-12-19 07:28:00,13840.11999999992,13840.11999999992
2025-12-19 08:28:00,13840.11999999992,13840.11999999992
2025-12-19 09:28:00,13840.11999999992,13840.11999999992
2025-12-19 10:28:00,13840.11999999992,13840.11999999992
2025-12-19 11:28:00,13840.11999999992,13840.11999999992
2025-12-19 12:28:00,13840.11999999992,13840.11999999992
2025-12-19 13:28:00,13840.11999999992,13840.11999999992
2025-12-19 14:28:00,13840.11999999992,13840.11999999992
2025-12-19 15:28:00,13840.11999999992,13840.11999999992
2025-12-19 16:28:00,13840.11999999992,13840.11999999992
2025-12-19 17:28:00,13839.489999999922,13871.619999999919
2025-12-19 18:28:00,13839.489999999922,13796.739999999922
2025-12-19 19:28:00,13839.489999999922,13747.329999999924
2025-12-19 20:28:00,13708.809999999918,13708.809999999918
2025-12-19 21:28:00,13708.809999999918,13708.809999999918
2025-12-19 22:28:00,13708.809999999918,13708.809999999918
2025-12-19 23:28:00,13708.809999999918,13708.809999999918
2025-12-22 01:29:00,13708.809999999918,13708.809999999918
2025-12-22 02:29:00,13708.809999999918,13708.809999999918
2025-12-22 03:29:00,13708.809999999918,13708.809999999918
2025-12-22 04:29:00,13708.809999999918,13708.809999999918
2025-12-22 05:29:00,13708.809999999918,13708.809999999918
2025-12-22 06:29:00,13708.809999999918,13708.809999999918
2025-12-22 07:29:00,13708.809999999918,13708.809999999918
2025-12-22 08:29:00,13708.809999999918,13708.809999999918
2025-12-22 09:29:00,13708.809999999918,13708.809999999918
2025-12-22 10:29:00,13708.809999999918,13708.809999999918
2025-12-22 11:29:00,13708.809999999918,13708.809999999918
2025-12-22 12:29:00,13708.809999999918,13708.809999999918
2025-12-22 13:29:00,13708.809999999918,13708.809999999918
2025-12-22 14:29:00,13708.809999999918,13708.809999999918
2025-12-22 15:29:00,13708.809999999918,13708.809999999918
2025-12-22 16:29:00,13708.809999999918,13708.809999999918
2025-12-22 17:29:00,13708.809999999918,13708.809999999918
2025-12-22 18:29:00,13708.809999999918,13708.809999999918
2025-12-22 19:29:00,13708.809999999918,13708.809999999918
2025-12-22 20:29:00,13708.809999999918,13708.809999999918
2025-12-22 21:29:00,13708.809999999918,13708.809999999918
2025-12-22 22:29:00,13708.809999999918,13708.809999999918
2025-12-22 23:29:00,13708.809999999918,13708.809999999918
2025-12-23 01:30:00,13708.809999999918,13708.809999999918
2025-12-23 02:30:00,13708.809999999918,13708.809999999918
2025-12-23 03:30:00,13708.809999999918,13708.809999999918
2025-12-23 04:30:00,13708.809999999918,13708.809999999918
2025-12-23 05:30:00,13708.809999999918,13708.809999999918
2025-12-23 06:30:00,13708.809999999918,13708.809999999918
2025-12-23 07:30:00,13708.809999999918,13708.809999999918
2025-12-23 08:30:00,13708.809999999918,13708.809999999918
2025-12-23 09:30:00,13708.809999999918,13708.809999999918
2025-12-23 10:30:00,13708.809999999918,13708.809999999918
2025-12-23 11:30:00,13708.809999999918,13708.809999999918
2025-12-23 12:30:00,13708.809999999918,13708.809999999918
2025-12-23 13:30:00,13708.809999999918,13708.809999999918
2025-12-23 14:30:00,13708.809999999918,13708.809999999918
2025-12-23 15:30:00,13708.809999999918,13708.809999999918
2025-12-23 16:30:00,13708.809999999918,13708.809999999918
2025-12-23 17:30:00,13708.809999999918,13708.809999999918
2025-12-23 18:30:00,13708.809999999918,13708.809999999918
2025-12-23 19:30:00,13708.809999999918,13708.809999999918
2025-12-23 20:30:00,13708.809999999918,13708.809999999918
2025-12-23 21:30:00,13708.809999999918,13708.809999999918
2025-12-23 22:30:00,13708.809999999918,13708.809999999918
2025-12-23 23:30:00,13708.809999999918,13708.809999999918
2025-12-24 01:31:00,13845.189999999926,14034.809999999936
2025-12-24 02:31:00,14300.809999999934,14300.809999999934
2025-12-24 03:31:00,14300.809999999934,14300.809999999934
2025-12-24 04:31:00,14300.809999999934,14300.809999999934
2025-12-24 05:31:00,14300.809999999934,14300.809999999934
2025-12-24 06:31:00,14300.809999999934,14300.809999999934
2025-12-24 07:31:00,14300.809999999934,14300.809999999934
2025-12-24 08:31:00,14300.809999999934,14300.809999999934
2025-12-24 09:31:00,14300.809999999934,14300.809999999934
2025-12-24 10:31:00,14300.809999999934,14300.809999999934
2025-12-24 11:31:00,14300.809999999934,14300.809999999934
2025-12-24 12:31:00,14300.809999999934,14300.809999999934
2025-12-24 13:31:00,14300.809999999934,14300.809999999934
2025-12-24 14:31:00,14300.809999999934,14300.809999999934
2025-12-24 15:31:00,14300.809999999934,14300.809999999934
2025-12-24 16:31:00,14300.809999999934,14300.809999999934
2025-12-24 17:31:00,14300.809999999934,14300.809999999934
2025-12-24 18:31:00,14300.809999999934,14300.809999999934
2025-12-24 19:31:00,14300.809999999934,14300.809999999934
2025-12-24 20:31:00,14300.809999999934,14300.809999999934
2025-12-26 01:45:00,14300.809999999934,14300.809999999934
2025-12-26 02:45:00,14300.809999999934,14300.809999999934
2025-12-26 03:45:00,14300.809999999934,14300.809999999934
2025-12-26 04:45:00,14300.809999999934,14300.809999999934
2025-12-26 05:45:00,14300.809999999934,14300.809999999934
2025-12-26 06:45:00,14300.809999999934,14300.809999999934
2025-12-26 07:45:00,14300.809999999934,14300.809999999934
2025-12-26 08:45:00,14300.809999999934,14300.809999999934
2025-12-26 09:45:00,14300.809999999934,14300.809999999934
2025-12-26 10:45:00,14300.809999999934,14300.809999999934
2025-12-26 11:45:00,14300.809999999934,14300.809999999934
2025-12-26 12:45:00,14300.809999999934,14300.809999999934
2025-12-26 13:45:00,14300.809999999934,14300.809999999934
2025-12-26 14:45:00,14300.809999999934,14300.809999999934
2025-12-26 15:45:00,14300.809999999934,14300.809999999934
2025-12-26 16:45:00,14300.809999999934,14300.809999999934
2025-12-26 17:45:00,14300.809999999934,14300.809999999934
2025-12-26 18:45:00,14300.809999999934,14300.809999999934
2025-12-26 19:45:00,14300.809999999934,14300.809999999934
2025-12-26 20:45:00,14300.809999999934,14300.809999999934
2025-12-26 21:45:00,14300.809999999934,14300.809999999934
2025-12-26 22:45:00,14300.809999999934,14300.809999999934
2025-12-26 23:45:00,14300.809999999934,14300.809999999934
2025-12-29 01:46:00,14300.809999999934,14300.809999999934
2025-12-29 02:46:00,14300.809999999934,14300.809999999934
2025-12-29 03:46:00,14300.809999999934,14300.809999999934
2025-12-29 04:46:00,14300.809999999934,14300.809999999934
2025-12-29 05:46:00,14300.809999999934,14300.809999999934
2025-12-29 06:46:00,14300.809999999934,14300.809999999934
2025-12-29 07:46:00,14300.809999999934,14300.809999999934
2025-12-29 08:46:00,14300.809999999934,14300.809999999934
2025-12-29 09:46:00,14300.809999999934,14300.809999999934
2025-12-29 10:46:00,14300.809999999934,14300.809999999934
2025-12-29 11:46:00,14300.809999999934,14300.809999999934
2025-12-29 12:46:00,14300.809999999934,14300.809999999934
2025-12-29 13:46:00,14300.809999999934,14300.809999999934
2025-12-29 14:46:00,14300.809999999934,14300.809999999934
2025-12-29 15:46:00,14300.809999999934,14300.809999999934
2025-12-29 16:46:00,14300.809999999934,14300.809999999934
2025-12-29 17:46:00,14300.809999999934,14300.809999999934
2025-12-29 18:46:00,14300.809999999934,14300.809999999934
2025-12-29 19:46:00,14404.609999999931,14611.009999999927
2025-12-29 20:46:00,14404.609999999931,14531.409999999936
2025-12-29 21:46:00,14404.609999999931,14512.109999999933
2025-12-29 22:46:00,14404.20999999993,14477.16999999993
2025-12-29 23:46:00,14404.20999999993,14489.649999999929
2025-12-30 01:47:00,14404.509999999927,14404.509999999927
2025-12-30 02:47:00,14404.509999999927,14404.509999999927
2025-12-30 03:47:00,14404.509999999927,14404.509999999927
2025-12-30 04:47:00,14404.509999999927,14404.509999999927
2025-12-30 05:47:00,14404.509999999927,14404.509999999927
2025-12-30 06:47:00,14404.509999999927,14404.509999999927
2025-12-30 07:47:00,14404.509999999927,14404.509999999927
2025-12-30 08:47:00,14404.509999999927,14404.509999999927
2025-12-30 09:47:00,14404.509999999927,14404.509999999927
2025-12-30 10:47:00,14404.509999999927,14404.509999999927
2025-12-30 11:47:00,14404.509999999927,14404.509999999927
2025-12-30 12:47:00,14404.509999999927,14404.509999999927
2025-12-30 13:47:00,14404.509999999927,14404.509999999927
2025-12-30 14:47:00,14404.509999999927,14404.509999999927
2025-12-30 15:47:00,14404.509999999927,14404.509999999927
2025-12-30 16:47:00,14404.509999999927,14404.509999999927
2025-12-30 17:47:00,14404.509999999927,14404.509999999927
2025-12-30 18:47:00,14404.509999999927,14404.509999999927
2025-12-30 19:47:00,14404.509999999927,14404.509999999927
2025-12-30 20:47:00,14404.509999999927,14404.509999999927
2025-12-30 21:47:00,14404.509999999927,14404.509999999927
2025-12-30 22:47:00,14404.509999999927,14404.509999999927
2025-12-30 23:47:00,14404.509999999927,14404.509999999927
2025-12-31 01:48:00,14404.509999999927,14404.509999999927
2025-12-31 02:48:00,14404.509999999927,14404.509999999927
2025-12-31 03:48:00,14404.509999999927,14404.509999999927
2025-12-31 04:48:00,14404.509999999927,14404.509999999927
2025-12-31 05:48:00,14404.509999999927,14404.509999999927
2025-12-31 06:48:00,14404.509999999927,14404.509999999927
2025-12-31 07:48:00,14404.509999999927,14404.509999999927
2025-12-31 08:48:00,14404.509999999927,14404.509999999927
2025-12-31 09:48:00,14404.509999999927,14404.509999999927
2025-12-31 10:48:00,14404.509999999927,14404.509999999927
2025-12-31 11:48:00,14404.509999999927,14404.509999999927
2025-12-31 12:48:00,14404.509999999927,14404.509999999927
2025-12-31 13:48:00,14403.179999999928,14391.589999999935
2025-12-31 14:48:00,14454.75999999992,14454.75999999992
2025-12-31 15:48:00,14454.75999999992,14454.75999999992
2025-12-31 16:48:00,14454.75999999992,14454.75999999992
2025-12-31 17:48:00,14454.75999999992,14454.75999999992
2025-12-31 18:48:00,14470.469999999916,14470.469999999916
2025-12-31 19:48:00,14470.469999999916,14470.469999999916
2025-12-31 20:48:00,14470.469999999916,14470.469999999916
2025-12-31 21:48:00,14470.469999999916,14470.469999999916
2025-12-31 22:48:00,14470.469999999916,14470.469999999916
2025-12-31 23:48:00,14470.469999999916,14470.469999999916
2026-01-02 01:49:00,14470.469999999916,14470.469999999916
2026-01-02 02:49:00,14470.469999999916,14470.469999999916
2026-01-02 03:49:00,14470.469999999916,14470.469999999916
2026-01-02 04:49:00,14470.469999999916,14470.469999999916
2026-01-02 05:49:00,14470.469999999916,14470.469999999916
2026-01-02 06:49:00,14470.469999999916,14470.469999999916
2026-01-02 07:49:00,14470.469999999916,14470.469999999916
2026-01-02 08:49:00,14470.469999999916,14470.469999999916
2026-01-02 09:49:00,14470.469999999916,14470.469999999916
2026-01-02 10:49:00,14470.469999999916,14470.469999999916
2026-01-02 11:49:00,14470.469999999916,14470.469999999916
2026-01-02 12:49:00,14470.469999999916,14470.469999999916
2026-01-02 13:49:00,14470.469999999916,14470.469999999916
2026-01-02 14:49:00,14470.469999999916,14470.469999999916
2026-01-02 15:49:00,14470.469999999916,14470.469999999916
2026-01-02 16:49:00,14470.469999999916,14470.469999999916
2026-01-02 17:49:00,14470.469999999916,14470.469999999916
2026-01-02 18:49:00,14187.039999999914,14187.039999999914
2026-01-02 19:49:00,14187.039999999914,14187.039999999914
2026-01-02 20:49:00,14187.039999999914,14187.039999999914
2026-01-02 21:49:00,14187.039999999914,14187.039999999914
2026-01-02 22:49:00,14187.039999999914,14187.039999999914
2026-01-02 23:49:00,14187.039999999914,14187.039999999914
2026-01-05 01:50:00,14187.039999999914,14187.039999999914
2026-01-05 02:50:00,14187.039999999914,14187.039999999914
2026-01-05 03:50:00,14187.039999999914,14187.039999999914
2026-01-05 04:50:00,14187.039999999914,14187.039999999914
2026-01-05 05:50:00,14187.039999999914,14187.039999999914
2026-01-05 06:50:00,14187.039999999914,14187.039999999914
2026-01-05 07:50:00,14187.039999999914,14187.039999999914
2026-01-05 08:50:00,14186.339999999913,14208.939999999915
2026-01-05 09:50:00,14186.339999999913,14192.439999999919
2026-01-05 10:50:00,14185.709999999914,14044.879999999925
2026-01-05 11:50:00,14185.709999999914,13997.56999999991
2026-01-05 12:50:00,14185.709999999914,13964.129999999923
2026-01-05 13:50:00,14204.629999999914,14192.569999999916
2026-01-05 14:50:00,14271.229999999914,14503.889999999912
2026-01-05 15:50:00,14271.229999999914,14398.979999999905
2026-01-05 16:50:00,14269.929999999913,14269.929999999913
2026-01-05 17:50:00,14269.929999999913,14269.929999999913
2026-01-05 18:50:00,14269.929999999913,14269.929999999913
2026-01-05 19:50:00,14269.929999999913,14269.929999999913
2026-01-05 20:50:00,14269.929999999913,14269.929999999913
2026-01-05 21:50:00,14269.929999999913,14269.929999999913
2026-01-05 22:50:00,14269.929999999913,14269.929999999913
2026-01-05 23:50:00,14269.929999999913,14269.929999999913
2026-01-06 01:51:00,14269.929999999913,14269.929999999913
2026-01-06 02:51:00,14269.929999999913,14269.929999999913
2026-01-06 03:51:00,14269.929999999913,14269.929999999913
2026-01-06 04:51:00,14269.929999999913,14269.929999999913
2026-01-06 05:51:00,14269.929999999913,14269.929999999913
2026-01-06 06:51:00,14269.929999999913,14269.929999999913
2026-01-06 07:51:00,14269.929999999913,14269.929999999913
2026-01-06 08:51:00,14269.929999999913,14269.929999999913
2026-01-06 09:51:00,14269.929999999913,14269.929999999913
2026-01-06 10:51:00,14269.929999999913,14269.929999999913
2026-01-06 11:51:00,14269.929999999913,14269.929999999913
2026-01-06 12:51:00,14269.929999999913,14269.929999999913
2026-01-06 13:51:00,14269.929999999913,14269.929999999913
2026-01-06 14:51:00,14269.929999999913,14269.929999999913
2026-01-06 15:51:00,14269.929999999913,14269.929999999913
2026-01-06 16:51:00,14269.929999999913,14269.929999999913
2026-01-06 17:51:00,14123.549999999927,14123.549999999927
2026-01-06 18:51:00,14123.549999999927,14123.549999999927
2026-01-06 19:51:00,14123.549999999927,14123.549999999927
2026-01-06 20:51:00,14123.549999999927,14123.549999999927
2026-01-06 21:51:00,14123.549999999927,14123.549999999927
2026-01-06 22:51:00,14123.549999999927,14123.549999999927
2026-01-06 23:51:00,14123.549999999927,14123.549999999927
2026-01-07 01:52:00,14123.549999999927,14123.549999999927
2026-01-07 02:52:00,14123.549999999927,14123.549999999927
2026-01-07 03:52:00,14123.549999999927,14123.549999999927
2026-01-07 04:52:00,14123.549999999927,14123.549999999927
2026-01-07 05:52:00,14123.549999999927,14123.549999999927
2026-01-07 06:52:00,14123.549999999927,14123.549999999927
2026-01-07 07:52:00,14123.549999999927,14123.549999999927
2026-01-07 08:52:00,14123.549999999927,14123.549999999927
2026-01-07 09:52:00,14123.549999999927,14123.549999999927
2026-01-07 10:52:00,14123.549999999927,14123.549999999927
2026-01-07 11:52:00,14123.549999999927,14123.549999999927
2026-01-07 12:52:00,14123.549999999927,14123.549999999927
2026-01-07 13:52:00,14123.549999999927,14123.549999999927
2026-01-07 14:52:00,14123.549999999927,14123.549999999927
2026-01-07 15:52:00,14123.549999999927,14123.549999999927
2026-01-07 16:52:00,14123.549999999927,14123.549999999927
2026-01-07 17:52:00,14123.549999999927,14123.549999999927
2026-01-07 18:52:00,14123.549999999927,14123.549999999927
2026-01-07 19:52:00,14123.549999999927,14123.549999999927
2026-01-07 20:52:00,14123.549999999927,14123.549999999927
2026-01-07 21:52:00,14123.549999999927,14123.549999999927
2026-01-07 22:52:00,14123.549999999927,14123.549999999927
2026-01-07 23:52:00,14123.549999999927,14123.549999999927
2026-01-08 01:53:00,14123.549999999927,14123.549999999927
2026-01-08 02:53:00,14123.549999999927,14123.549999999927
2026-01-08 03:53:00,14123.549999999927,14123.549999999927
2026-01-08 04:53:00,14123.549999999927,14123.549999999927
2026-01-08 05:53:00,14123.549999999927,14123.549999999927
2026-01-08 06:53:00,14123.549999999927,14123.549999999927
2026-01-08 07:53:00,14123.549999999927,14123.549999999927
2026-01-08 08:53:00,14123.549999999927,14123.549999999927
2026-01-08 09:53:00,14123.549999999927,14123.549999999927
2026-01-08 10:53:00,14123.549999999927,14123.549999999927
2026-01-08 11:53:00,14123.549999999927,14123.549999999927
2026-01-08 12:53:00,14123.549999999927,14123.549999999927
2026-01-08 13:53:00,14123.549999999927,14123.549999999927
2026-01-08 14:53:00,14123.549999999927,14123.549999999927
2026-01-08 15:53:00,14123.549999999927,14123.549999999927
2026-01-08 16:53:00,14123.549999999927,14123.549999999927
2026-01-08 17:53:00,14123.549999999927,14123.549999999927
2026-01-08 18:53:00,14123.549999999927,14123.549999999927
2026-01-08 19:53:00,14123.549999999927,14123.549999999927
2026-01-08 20:53:00,14123.549999999927,14123.549999999927
2026-01-08 21:53:00,14123.549999999927,14123.549999999927
2026-01-08 22:53:00,14123.549999999927,14123.549999999927
2026-01-08 23:53:00,14123.549999999927,14123.549999999927
2026-01-09 01:54:00,14123.549999999927,14123.549999999927
2026-01-09 02:54:00,14123.549999999927,14123.549999999927
2026-01-09 03:54:00,14123.549999999927,14123.549999999927
2026-01-09 04:54:00,14123.549999999927,14123.549999999927
2026-01-09 05:54:00,14123.549999999927,14123.549999999927
2026-01-09 06:54:00,14123.549999999927,14123.549999999927
2026-01-09 07:54:00,14123.549999999927,14123.549999999927
2026-01-09 08:54:00,14123.549999999927,14123.549999999927
2026-01-09 09:54:00,14123.549999999927,14123.549999999927
2026-01-09 10:54:00,14123.549999999927,14123.549999999927
2026-01-09 11:54:00,14123.549999999927,14123.549999999927
2026-01-09 12:54:00,14123.549999999927,14123.549999999927
2026-01-09 13:54:00,14123.549999999927,14123.549999999927
2026-01-09 14:54:00,14123.549999999927,14123.549999999927
2026-01-09 15:54:00,14140.329999999922,14140.329999999922
2026-01-09 16:54:00,14140.329999999922,14140.329999999922
2026-01-09 17:54:00,14140.329999999922,14140.329999999922
2026-01-09 18:54:00,14140.329999999922,14140.329999999922
2026-01-09 19:54:00,14139.139999999921,14127.919999999924
2026-01-09 20:54:00,14198.09999999992,14276.759999999918
2026-01-09 21:54:00,14198.09999999992,14312.579999999924
2026-01-09 22:54:00,14276.73999999992,14368.739999999918
2026-01-09 23:54:00,14276.73999999992,14387.239999999922
2026-01-12 01:55:00,14470.78999999992,14470.78999999992
2026-01-12 02:55:00,14470.78999999992,14470.78999999992
2026-01-12 03:55:00,14470.78999999992,14470.78999999992
2026-01-12 04:55:00,14470.78999999992,14470.78999999992
2026-01-12 05:55:00,14470.78999999992,14470.78999999992
2026-01-12 06:55:00,14470.78999999992,14470.78999999992
2026-01-12 07:55:00,14470.78999999992,14470.78999999992
2026-01-12 08:55:00,14470.78999999992,14470.78999999992
2026-01-12 09:55:00,14470.78999999992,14470.78999999992
2026-01-12 10:55:00,14470.78999999992,14470.78999999992
2026-01-12 11:55:00,14470.78999999992,14470.78999999992
2026-01-12 12:55:00,14470.78999999992,14470.78999999992
2026-01-12 13:55:00,14470.78999999992,14470.78999999992
2026-01-12 14:55:00,14470.78999999992,14470.78999999992
2026-01-12 15:55:00,14470.78999999992,14470.78999999992
2026-01-12 16:55:00,14487.939999999937,14487.939999999937
2026-01-12 17:55:00,14487.939999999937,14487.939999999937
2026-01-12 18:55:00,14487.939999999937,14487.939999999937
2026-01-12 19:55:00,14487.939999999937,14487.939999999937
2026-01-12 20:55:00,14487.939999999937,14487.939999999937
2026-01-12 21:55:00,14487.939999999937,14487.939999999937
2026-01-12 22:55:00,14487.939999999937,14487.939999999937
2026-01-12 23:55:00,14487.939999999937,14487.939999999937
2026-01-13 01:56:00,14487.939999999937,14487.939999999937
2026-01-13 02:56:00,14506.409999999934,14571.009999999935
2026-01-13 03:56:00,14545.139999999934,14655.80999999993
2026-01-13 04:56:00,14545.139999999934,14570.269999999935
2026-01-13 05:56:00,14544.439999999931,14544.439999999931
2026-01-13 06:56:00,14544.439999999931,14544.439999999931
2026-01-13 07:56:00,14544.439999999931,14544.439999999931
2026-01-13 08:56:00,14544.439999999931,14544.439999999931
2026-01-13 09:56:00,14544.439999999931,14544.439999999931
2026-01-13 10:56:00,14544.439999999931,14544.439999999931
2026-01-13 11:56:00,14544.439999999931,14544.439999999931
2026-01-13 12:56:00,14542.759999999931,14575.639999999928
2026-01-13 13:56:00,14562.49999999992,14562.49999999992
2026-01-13 14:56:00,14562.49999999992,14562.49999999992
2026-01-13 15:56:00,14562.49999999992,14562.49999999992
2026-01-13 16:56:00,14562.49999999992,14562.49999999992
2026-01-13 17:56:00,14562.49999999992,14562.49999999992
2026-01-13 18:56:00,14562.49999999992,14562.49999999992
2026-01-13 19:56:00,14562.49999999992,14562.49999999992
2026-01-13 20:56:00,14562.49999999992,14562.49999999992
2026-01-13 21:56:00,14562.49999999992,14562.49999999992
2026-01-13 22:56:00,14562.49999999992,14562.49999999992
2026-01-13 23:56:00,14562.49999999992,14562.49999999992
2026-01-14 01:57:00,14562.49999999992,14562.49999999992
2026-01-14 02:57:00,14562.49999999992,14562.49999999992
2026-01-14 03:57:00,14562.49999999992,14562.49999999992
2026-01-14 04:57:00,14562.49999999992,14562.49999999992
2026-01-14 05:57:00,14562.49999999992,14562.49999999992
2026-01-14 06:57:00,14562.49999999992,14562.49999999992
2026-01-14 07:57:00,14560.74999999992,14507.749999999924
2026-01-14 08:57:00,14579.429999999915,14579.429999999915
2026-01-14 09:57:00,14579.429999999915,14579.429999999915
2026-01-14 10:57:00,14579.429999999915,14579.429999999915
2026-01-14 11:57:00,14579.429999999915,14579.429999999915
2026-01-14 12:57:00,14577.259999999915,14642.669999999933
2026-01-14 13:57:00,14594.249999999929,14594.249999999929
2026-01-14 14:57:00,14594.249999999929,14594.249999999929
2026-01-14 15:57:00,14594.249999999929,14594.249999999929
2026-01-14 16:57:00,14594.249999999929,14594.249999999929
2026-01-14 17:57:00,14594.249999999929,14594.249999999929
2026-01-14 18:57:00,14594.249999999929,14594.249999999929
2026-01-14 19:57:00,14594.249999999929,14594.249999999929
2026-01-14 20:57:00,14594.249999999929,14594.249999999929
2026-01-14 21:57:00,14594.249999999929,14594.249999999929
2026-01-14 22:57:00,14594.249999999929,14594.249999999929
2026-01-14 23:57:00,14594.249999999929,14594.249999999929
2026-01-15 01:58:00,14594.249999999929,14594.249999999929
2026-01-15 02:58:00,14594.249999999929,14594.249999999929
2026-01-15 03:58:00,14594.249999999929,14594.249999999929
2026-01-15 04:58:00,14594.249999999929,14594.249999999929
2026-01-15 05:58:00,14594.249999999929,14594.249999999929
2026-01-15 06:58:00,14594.249999999929,14594.249999999929
2026-01-15 07:58:00,14594.249999999929,14594.249999999929
2026-01-15 08:58:00,14594.249999999929,14594.249999999929
2026-01-15 09:58:00,14594.249999999929,14594.249999999929
2026-01-15 10:58:00,14594.249999999929,14594.249999999929
2026-01-15 11:58:00,14594.249999999929,14594.249999999929
2026-01-15 12:58:00,14594.249999999929,14594.249999999929
2026-01-15 13:58:00,14594.249999999929,14594.249999999929
2026-01-15 14:58:00,14594.249999999929,14594.249999999929
2026-01-15 15:58:00,14594.249999999929,14594.249999999929
2026-01-15 16:58:00,14594.249999999929,14594.249999999929
2026-01-15 17:58:00,14594.249999999929,14594.249999999929
2026-01-15 18:58:00,14594.249999999929,14594.249999999929
2026-01-15 19:58:00,14594.249999999929,14594.249999999929
2026-01-15 20:58:00,14594.249999999929,14594.249999999929
2026-01-15 21:58:00,14594.249999999929,14594.249999999929
2026-01-15 22:58:00,14594.249999999929,14594.249999999929
2026-01-15 23:58:00,14594.249999999929,14594.249999999929
2026-01-16 01:59:00,14594.249999999929,14594.249999999929
2026-01-16 02:59:00,14594.249999999929,14594.249999999929
2026-01-16 03:59:00,14594.249999999929,14594.249999999929
2026-01-16 04:59:00,14594.249999999929,14594.249999999929
2026-01-16 05:59:00,14594.249999999929,14594.249999999929
2026-01-16 06:59:00,14594.249999999929,14594.249999999929
2026-01-16 07:59:00,14594.249999999929,14594.249999999929
2026-01-16 08:59:00,14594.249999999929,14594.249999999929
2026-01-16 09:59:00,14594.249999999929,14594.249999999929
2026-01-16 10:59:00,14594.249999999929,14594.249999999929
2026-01-16 11:59:00,14594.249999999929,14594.249999999929
2026-01-16 12:59:00,14594.249999999929,14594.249999999929
2026-01-16 13:59:00,14594.249999999929,14594.249999999929
2026-01-16 14:59:00,14594.249999999929,14594.249999999929
2026-01-16 15:59:00,14594.249999999929,14594.249999999929
2026-01-16 16:59:00,14594.249999999929,14594.249999999929
2026-01-16 17:59:00,14594.249999999929,14594.249999999929
2026-01-16 18:59:00,14594.249999999929,14594.249999999929
2026-01-16 19:59:00,14594.249999999929,14594.249999999929
2026-01-16 20:59:00,14594.249999999929,14594.249999999929
2026-01-16 21:59:00,14594.249999999929,14594.249999999929
2026-01-16 22:59:00,14594.249999999929,14594.249999999929
2026-01-19 01:00:00,14594.249999999929,14594.249999999929
2026-01-19 02:00:00,14594.249999999929,14594.249999999929
2026-01-19 03:00:00,14594.249999999929,14594.249999999929
2026-01-19 04:00:00,14594.249999999929,14594.249999999929
2026-01-19 05:00:00,14593.96999999993,14640.96999999993
2026-01-19 06:00:00,14593.96999999993,14613.44999999993
2026-01-19 07:00:00,14593.96999999993,14637.48999999993
2026-01-19 08:00:00,14593.96999999993,14659.049999999928
2026-01-19 09:00:00,14593.96999999993,14680.48999999993
2026-01-19 10:00:00,14593.96999999993,14647.529999999928
2026-01-19 11:00:00,14593.96999999993,14631.92999999993
2026-01-19 12:00:00,14593.96999999993,14653.08999999993
2026-01-19 13:00:00,14593.96999999993,14635.369999999928
2026-01-19 14:00:00,14593.96999999993,14628.12999999993
2026-01-19 15:00:00,14593.96999999993,14670.44999999993
2026-01-19 16:00:00,14593.96999999993,14648.009999999931
2026-01-19 17:00:00,14593.96999999993,14650.92999999993
2026-01-19 18:00:00,14593.96999999993,14680.64999999993
2026-01-19 19:00:00,14593.96999999993,14670.369999999928
2026-01-19 20:00:00,14593.96999999993,14681.569999999929
2026-01-19 21:00:00,14593.96999999993,14682.48999999993
2026-01-20 01:06:00,14591.96999999993,14653.08999999993
2026-01-20 02:06:00,14591.96999999993,14641.48999999993
2026-01-20 03:06:00,14591.96999999993,14657.60999999993
2026-01-20 04:06:00,14591.96999999993,14661.12999999993
2026-01-20 05:06:00,14591.96999999993,14646.64999999993
2026-01-20 06:06:00,14591.96999999993,14704.569999999929
2026-01-20 07:06:00,14591.96999999993,14780.209999999928
2026-01-20 08:06:00,14591.96999999993,14844.64999999993
2026-01-20 09:06:00,14591.96999999993,14832.049999999928
2026-01-20 10:06:00,14727.84999999993,14859.809999999929
2026-01-20 11:06:00,14727.84999999993,14882.94999999993
2026-01-20 12:06:00,14727.84999999993,14884.60999999993
2026-01-20 13:06:00,14726.309999999929,14735.389999999927
2026-01-20 14:06:00,14577.589999999946,14735.509999999946
2026-01-20 15:06:00,14577.589999999946,14720.649999999945
2026-01-20 16:06:00,14577.589999999946,14740.669999999946
2026-01-20 17:06:00,14577.589999999946,14759.089999999946
2026-01-20 18:06:00,14637.599999999937,14795.499999999936
2026-01-20 19:06:00,14637.599999999937,14828.719999999936
2026-01-20 20:06:00,14637.599999999937,14854.219999999936
2026-01-20 21:06:00,14637.599999999937,14849.239999999936
2026-01-20 22:06:00,14637.599999999937,14843.799999999936
2026-01-20 23:06:00,14637.599999999937,14849.859999999937
2026-01-21 01:07:00,14634.599999999937,14850.719999999936
2026-01-21 02:07:00,14634.599999999937,14876.839999999936
2026-01-21 03:07:00,14634.599999999937,14922.279999999937
2026-01-21 04:07:00,14634.599999999937,15000.539999999937
2026-01-21 05:07:00,14634.599999999937,15018.579999999936
2026-01-21 06:07:00,14634.599999999937,15010.399999999936
2026-01-21 07:07:00,14634.599999999937,15048.859999999937
2026-01-21 08:07:00,14634.599999999937,15063.599999999937
2026-01-21 09:07:00,14481.479999999934,14855.059999999934
2026-01-21 10:07:00,14481.479999999934,14899.139999999934
2026-01-21 11:07:00,14481.479999999934,14891.119999999933
2026-01-21 12:07:00,14481.479999999934,14906.519999999933
2026-01-21 13:07:00,14481.479999999934,14901.139999999934
2026-01-21 14:07:00,14481.479999999934,14902.679999999933
2026-01-21 15:07:00,14481.479999999934,14905.099999999933
2026-01-21 16:07:00,14481.479999999934,14903.859999999933
2026-01-21 17:07:00,14481.479999999934,14906.119999999933
2026-01-21 18:07:00,14583.959999999932,15178.659999999934
2026-01-21 19:07:00,14583.959999999932,15001.979999999929
2026-01-21 20:07:00,14662.579999999938,15092.539999999937
2026-01-21 21:07:00,14746.619999999939,15226.13999999994
2026-01-21 22:07:00,14746.419999999938,15002.979999999938
2026-01-21 23:07:00,14746.419999999938,15071.779999999937
2026-01-22 01:08:00,14745.419999999938,15056.339999999938
2026-01-22 02:08:00,14745.419999999938,15018.119999999937
2026-01-22 03:08:00,14745.419999999938,15007.199999999937
2026-01-22 04:08:00,14745.419999999938,15019.079999999938
2026-01-22 05:08:00,14745.419999999938,15009.359999999939
2026-01-22 06:08:00,14745.419999999938,15036.459999999937
2026-01-22 07:08:00,14745.419999999938,15035.739999999938
2026-01-22 08:08:00,14745.419999999938,15082.659999999938
2026-01-22 09:08:00,14745.419999999938,15103.159999999938
2026-01-22 10:08:00,14745.419999999938,15103.499999999938
2026-01-22 11:08:00,14745.419999999938,15104.679999999938
2026-01-22 12:08:00,14814.819999999936,15261.959999999935
2026-01-22 13:08:00,14814.819999999936,15435.099999999933
2026-01-22 14:08:00,14921.099999999935,15395.619999999933
2026-01-22 15:08:00,14920.399999999938,15311.699999999935
2026-01-22 16:08:00,14919.699999999935,15260.999999999935
2026-01-22 17:08:00,14919.699999999935,15279.939999999935
2026-01-22 18:08:00,14919.699999999935,15356.619999999935
2026-01-22 19:08:00,14919.699999999935,15356.479999999934
2026-01-22 20:08:00,14919.699999999935,15439.699999999935
2026-01-22 21:08:00,14919.699999999935,15458.559999999934
2026-01-22 22:08:00,14919.699999999935,15458.399999999934
2026-01-22 23:08:00,15480.849999999931,15561.999999999929
2026-01-23 01:09:00,15855.569999999929,15855.569999999929
2026-01-23 02:09:00,15855.569999999929,15855.569999999929
2026-01-23 03:09:00,15854.449999999928,15873.809999999929
2026-01-23 04:09:00,15876.489999999936,15876.489999999936
2026-01-23 05:09:00,15876.489999999936,15876.489999999936
2026-01-23 06:09:00,15876.489999999936,15876.489999999936
2026-01-23 07:09:00,15876.489999999936,15876.489999999936
2026-01-23 08:09:00,15876.489999999936,15876.489999999936
2026-01-23 09:09:00,15876.489999999936,15876.489999999936
2026-01-23 10:09:00,15876.489999999936,15876.489999999936
2026-01-23 11:09:00,15876.489999999936,15876.489999999936
2026-01-23 12:09:00,15876.489999999936,15876.489999999936
2026-01-23 13:09:00,15876.489999999936,15876.489999999936
2026-01-23 14:09:00,15876.489999999936,15876.489999999936
2026-01-23 15:09:00,15876.489999999936,15876.489999999936
2026-01-23 16:09:00,15876.489999999936,15876.489999999936
2026-01-23 17:09:00,15876.489999999936,15876.489999999936
2026-01-23 18:09:00,15876.489999999936,15876.489999999936
2026-01-23 19:09:00,15876.489999999936,15876.489999999936
2026-01-23 20:09:00,15897.059999999934,15975.709999999937
2026-01-23 21:09:00,15939.679999999931,15939.679999999931
2026-01-23 22:09:00,15939.679999999931,15939.679999999931
2026-01-23 23:09:00,15939.679999999931,15939.679999999931
2026-01-26 01:10:00,15939.679999999931,15939.679999999931
2026-01-26 02:10:00,15939.679999999931,15939.679999999931
2026-01-26 03:10:00,15939.679999999931,15939.679999999931
2026-01-26 04:10:00,15939.679999999931,15939.679999999931
2026-01-26 05:10:00,15939.679999999931,15939.679999999931
2026-01-26 06:10:00,15939.679999999931,15939.679999999931
2026-01-26 07:10:00,15960.139999999927,15960.139999999927
2026-01-26 08:10:00,15960.139999999927,15960.139999999927
2026-01-26 09:10:00,15960.139999999927,15960.139999999927
2026-01-26 10:10:00,15960.139999999927,15960.139999999927
2026-01-26 11:10:00,15960.139999999927,15960.139999999927
2026-01-26 12:10:00,15960.139999999927,15960.139999999927
2026-01-26 13:10:00,15958.739999999927,15959.539999999926
2026-01-26 14:10:00,16027.039999999923,16027.039999999923
2026-01-26 15:10:00,16027.039999999923,16027.039999999923
2026-01-26 16:10:00,16027.039999999923,16027.039999999923
2026-01-26 17:10:00,16027.039999999923,16027.039999999923
2026-01-26 18:10:00,16027.039999999923,16027.039999999923
2026-01-26 19:10:00,16027.039999999923,16027.039999999923
2026-01-26 20:10:00,16027.039999999923,16027.039999999923
2026-01-26 21:10:00,16161.799999999921,16354.75999999992
2026-01-26 22:10:00,16200.769999999917,16363.019999999917
2026-01-26 23:10:00,16200.769999999917,16354.619999999919
2026-01-27 01:11:00,16329.789999999923,16460.269999999924
2026-01-27 02:11:00,16329.789999999923,16534.069999999927
2026-01-27 03:11:00,16162.509999999922,16416.669999999922
2026-01-27 04:11:00,16478.549999999923,16634.779999999926
2026-01-27 05:11:00,16519.899999999925,16658.14999999993
2026-01-27 06:11:00,16519.899999999925,16706.839999999924
2026-01-27 07:11:00,16519.899999999925,16583.809999999925
2026-01-27 08:11:00,16553.159999999923,16766.849999999926
2026-01-27 09:11:00,16553.159999999923,16866.689999999922
2026-01-27 10:11:00,16553.159999999923,16795.649999999925
2026-01-27 11:11:00,16553.159999999923,16809.24999999992
2026-01-27 12:11:00,16553.159999999923,16870.28999999992
2026-01-27 13:11:00,16553.159999999923,16826.129999999925
2026-01-27 14:11:00,16553.159999999923,16774.92999999992
2026-01-27 15:11:00,16553.159999999923,16815.88999999992
2026-01-27 16:11:00,16553.159999999923,16647.88999999992
2026-01-27 17:11:00,16552.359999999924,16552.359999999924
2026-01-27 18:11:00,16552.359999999924,16552.359999999924
2026-01-27 19:11:00,16552.359999999924,16552.359999999924
2026-01-27 20:11:00,16552.359999999924,16552.359999999924
2026-01-27 21:11:00,16552.359999999924,16552.359999999924
2026-01-27 22:11:00,16552.359999999924,16552.359999999924
2026-01-27 23:11:00,16552.359999999924,16552.359999999924
2026-01-28 01:12:00,16552.359999999924,16552.359999999924
2026-01-28 02:12:00,16552.359999999924,16552.359999999924
2026-01-28 03:12:00,16552.359999999924,16552.359999999924
2026-01-28 04:12:00,16552.359999999924,16552.359999999924
2026-01-28 05:12:00,16552.359999999924,16552.359999999924
2026-01-28 06:12:00,16552.359999999924,16552.359999999924
2026-01-28 07:12:00,16552.359999999924,16552.359999999924
2026-01-28 08:12:00,16552.359999999924,16552.359999999924
2026-01-28 09:12:00,16552.359999999924,16552.359999999924
2026-01-28 10:12:00,16552.359999999924,16552.359999999924
2026-01-28 11:12:00,16552.359999999924,16552.359999999924
2026-01-28 12:12:00,16552.359999999924,16552.359999999924
2026-01-28 13:12:00,16552.359999999924,16552.359999999924
2026-01-28 14:12:00,16552.359999999924,16552.359999999924
2026-01-28 15:12:00,16552.359999999924,16552.359999999924
2026-01-28 16:12:00,16552.359999999924,16552.359999999924
2026-01-28 17:12:00,16385.139999999923,16385.139999999923
2026-01-28 18:12:00,16385.139999999923,16385.139999999923
2026-01-28 19:12:00,16385.139999999923,16385.139999999923
2026-01-28 20:12:00,16385.139999999923,16385.139999999923
2026-01-28 21:12:00,16385.139999999923,16385.139999999923
2026-01-28 22:12:00,16385.139999999923,16385.139999999923
2026-01-28 23:12:00,16385.139999999923,16385.139999999923
2026-01-29 01:13:00,16385.139999999923,16385.139999999923
2026-01-29 02:13:00,16385.139999999923,16385.139999999923
2026-01-29 03:13:00,16385.139999999923,16385.139999999923
2026-01-29 04:13:00,16385.139999999923,16385.139999999923
2026-01-29 05:13:00,16385.139999999923,16385.139999999923
2026-01-29 06:13:00,16385.139999999923,16385.139999999923
2026-01-29 07:13:00,16385.139999999923,16385.139999999923
2026-01-29 08:13:00,16385.139999999923,16385.139999999923
2026-01-29 09:13:00,16385.139999999923,16385.139999999923
2026-01-29 10:13:00,16385.139999999923,16385.139999999923
2026-01-29 11:13:00,16225.17999999992,16225.17999999992
2026-01-29 12:13:00,16225.17999999992,16225.17999999992
2026-01-29 13:13:00,16225.17999999992,16225.17999999992
2026-01-29 14:13:00,16225.17999999992,16225.17999999992
2026-01-29 15:13:00,16225.17999999992,16225.17999999992
2026-01-29 16:13:00,16225.17999999992,16225.17999999992
2026-01-29 17:13:00,16225.17999999992,16225.17999999992
2026-01-29 18:13:00,16225.17999999992,16225.17999999992
2026-01-29 19:13:00,16225.17999999992,16225.17999999992
2026-01-29 20:13:00,16067.099999999919,16067.099999999919
2026-01-29 21:13:00,16067.099999999919,16067.099999999919
2026-01-29 22:13:00,16067.099999999919,16067.099999999919
2026-01-29 23:13:00,16067.029999999919,16068.339999999918
2026-01-30 01:14:00,16067.039999999919,16044.439999999919
2026-01-30 02:14:00,16067.039999999919,15974.239999999922
2026-01-30 03:14:00,16146.419999999918,16341.129999999917
2026-01-30 04:14:00,16146.419999999918,16534.149999999918
2026-01-30 05:14:00,16146.279999999919,16661.249999999916
2026-01-30 06:14:00,16146.279999999919,16530.329999999914
2026-01-30 07:14:00,16146.279999999919,16489.889999999916
2026-01-30 08:14:00,16146.279999999919,16622.569999999916
2026-01-30 09:14:00,16214.579999999918,16722.629999999917
2026-01-30 10:14:00,16214.579999999918,16804.439999999915
2026-01-30 11:14:00,16532.09999999992,17074.199999999917
2026-01-30 12:14:00,16532.09999999992,17054.27999999992
2026-01-30 13:14:00,16532.09999999992,16891.359999999917
2026-01-30 14:14:00,16532.09999999992,16873.999999999916
2026-01-30 15:14:00,16532.09999999992,16979.859999999917
2026-01-30 16:14:00,16532.09999999992,17025.27999999992
2026-01-30 17:14:00,16532.09999999992,17075.95999999992
2026-01-30 18:14:00,16532.09999999992,17070.63999999992
2026-01-30 19:14:00,16805.31999999992,17276.78999999992
2026-01-30 20:14:00,17305.66999999992,17305.66999999992
2026-01-30 21:14:00,17305.66999999992,17305.66999999992
2026-01-30 22:14:00,17305.66999999992,17305.66999999992
2026-01-30 23:14:00,17305.66999999992,17305.66999999992
2026-02-02 01:15:00,17305.45999999992,17254.33999999992
2026-02-02 02:15:00,17372.92999999992,17400.90999999992
2026-02-02 03:15:00,17569.149999999918,17849.009999999915
2026-02-02 04:15:00,17569.149999999918,17720.84999999992
2026-02-02 05:15:00,17569.149999999918,17841.789999999917
2026-02-02 06:15:00,17569.149999999918,17845.50999999992
2026-02-02 07:15:00,17569.149999999918,17872.829999999918
2026-02-02 08:15:00,17569.149999999918,18101.649999999918
2026-02-02 09:15:00,18354.809999999918,18354.809999999918
2026-02-02 10:15:00,18354.809999999918,18354.809999999918
2026-02-02 11:15:00,18354.809999999918,18354.809999999918
2026-02-02 12:15:00,18354.809999999918,18354.809999999918
2026-02-02 13:15:00,18354.809999999918,18354.809999999918
2026-02-02 14:15:00,18354.809999999918,18354.809999999918
2026-02-02 15:15:00,18354.809999999918,18354.809999999918
2026-02-02 16:15:00,18354.809999999918,18354.809999999918
2026-02-02 17:15:00,18354.809999999918,18354.809999999918
2026-02-02 18:15:00,18354.809999999918,18354.809999999918
2026-02-02 19:15:00,18354.809999999918,18354.809999999918
2026-02-02 20:15:00,18354.809999999918,18354.809999999918
2026-02-02 21:15:00,18354.809999999918,18354.809999999918
2026-02-02 22:15:00,18354.809999999918,18354.809999999918
2026-02-02 23:15:00,18354.809999999918,18354.809999999918
2026-02-03 01:16:00,18354.809999999918,18354.809999999918
2026-02-03 02:16:00,18354.809999999918,18354.809999999918
2026-02-03 03:16:00,18354.809999999918,18354.809999999918
2026-02-03 04:16:00,18354.809999999918,18354.809999999918
2026-02-03 05:16:00,18354.809999999918,18354.809999999918
2026-02-03 06:16:00,18354.809999999918,18354.809999999918
2026-02-03 07:16:00,18354.809999999918,18354.809999999918
2026-02-03 08:16:00,18354.809999999918,18354.809999999918
2026-02-03 09:16:00,18354.809999999918,18354.809999999918
2026-02-03 10:16:00,18354.809999999918,18354.809999999918
2026-02-03 11:16:00,18354.809999999918,18354.809999999918
2026-02-03 12:16:00,18354.809999999918,18354.809999999918
2026-02-03 13:16:00,18354.809999999918,18354.809999999918
2026-02-03 14:16:00,18354.809999999918,18354.809999999918
2026-02-03 15:16:00,18354.809999999918,18354.809999999918
2026-02-03 16:16:00,18354.809999999918,18354.809999999918
2026-02-03 17:16:00,18354.809999999918,18354.809999999918
2026-02-03 18:16:00,18354.809999999918,18354.809999999918
2026-02-03 19:16:00,18354.809999999918,18354.809999999918
2026-02-03 20:16:00,18354.809999999918,18354.809999999918
2026-02-03 21:16:00,18354.809999999918,18354.809999999918
2026-02-03 22:16:00,18354.809999999918,18354.809999999918
2026-02-03 23:16:00,18354.809999999918,18354.809999999918
2026-02-04 01:17:00,18354.809999999918,18354.809999999918
2026-02-04 02:17:00,18354.809999999918,18354.809999999918
2026-02-04 03:17:00,18354.809999999918,18354.809999999918
2026-02-04 04:17:00,18354.809999999918,18354.809999999918
2026-02-04 05:17:00,18354.809999999918,18354.809999999918
2026-02-04 06:17:00,18354.809999999918,18354.809999999918
2026-02-04 07:17:00,18354.809999999918,18354.809999999918
2026-02-04 08:17:00,18354.809999999918,18354.809999999918
2026-02-04 09:17:00,18354.809999999918,18354.809999999918
2026-02-04 10:17:00,18354.809999999918,18354.809999999918
2026-02-04 11:17:00,18354.809999999918,18354.809999999918
2026-02-04 12:17:00,18354.809999999918,18354.809999999918
2026-02-04 13:17:00,18354.809999999918,18354.809999999918
2026-02-04 14:17:00,18354.809999999918,18354.809999999918
2026-02-04 15:17:00,18354.809999999918,18354.809999999918
2026-02-04 16:17:00,18354.809999999918,18354.809999999918
2026-02-04 17:17:00,18354.809999999918,18354.809999999918
2026-02-04 18:17:00,18354.809999999918,18354.809999999918
2026-02-04 19:17:00,18354.809999999918,18354.809999999918
2026-02-04 20:17:00,18354.809999999918,18354.809999999918
2026-02-04 21:17:00,18354.809999999918,18354.809999999918
2026-02-04 22:17:00,18354.809999999918,18354.809999999918
2026-02-04 23:17:00,18354.809999999918,18354.809999999918
2026-02-05 01:18:00,18354.809999999918,18354.809999999918
2026-02-05 02:18:00,18354.809999999918,18354.809999999918
2026-02-05 03:18:00,18354.809999999918,18354.809999999918
2026-02-05 04:18:00,18354.809999999918,18354.809999999918
2026-02-05 05:18:00,18354.809999999918,18354.809999999918
2026-02-05 06:18:00,18354.809999999918,18354.809999999918
2026-02-05 07:18:00,18354.809999999918,18354.809999999918
2026-02-05 08:18:00,18354.809999999918,18354.809999999918
2026-02-05 09:18:00,18354.809999999918,18354.809999999918
2026-02-05 10:18:00,18354.809999999918,18354.809999999918
2026-02-05 11:18:00,18354.52999999992,18342.129999999917
2026-02-05 12:18:00,18379.07999999992,18379.07999999992
2026-02-05 13:18:00,18379.07999999992,18379.07999999992
2026-02-05 14:18:00,18379.07999999992,18379.07999999992
2026-02-05 15:18:00,18379.07999999992,18379.07999999992
2026-02-05 16:18:00,18379.07999999992,18379.07999999992
2026-02-05 17:18:00,18379.07999999992,18379.07999999992
2026-02-05 18:18:00,18379.07999999992,18379.07999999992
2026-02-05 19:18:00,18379.07999999992,18379.07999999992
2026-02-05 20:18:00,18379.07999999992,18379.07999999992
2026-02-05 21:18:00,18379.07999999992,18379.07999999992
2026-02-05 22:18:00,18379.07999999992,18379.07999999992
2026-02-05 23:18:00,18379.07999999992,18379.07999999992
2026-02-06 01:19:00,18379.07999999992,18379.07999999992
2026-02-06 02:19:00,18379.07999999992,18379.07999999992
2026-02-06 03:19:00,18379.07999999992,18379.07999999992
2026-02-06 04:19:00,18379.07999999992,18379.07999999992
2026-02-06 05:19:00,18379.07999999992,18379.07999999992
2026-02-06 06:19:00,18379.07999999992,18379.07999999992
2026-02-06 07:19:00,18379.07999999992,18379.07999999992
2026-02-06 08:19:00,18379.07999999992,18379.07999999992
2026-02-06 09:19:00,18379.07999999992,18379.07999999992
2026-02-06 10:19:00,18379.07999999992,18379.07999999992
2026-02-06 11:19:00,18379.07999999992,18379.07999999992
2026-02-06 12:19:00,18379.07999999992,18379.07999999992
2026-02-06 13:19:00,18379.07999999992,18379.07999999992
2026-02-06 14:19:00,18379.07999999992,18379.07999999992
2026-02-06 15:19:00,18379.07999999992,18379.07999999992
2026-02-06 16:19:00,18379.07999999992,18379.07999999992
2026-02-06 17:19:00,18378.729999999923,18370.629999999917
2026-02-06 18:19:00,18378.729999999923,18388.679999999924
2026-02-06 19:19:00,18399.87999999992,18399.87999999992
2026-02-06 20:19:00,18399.87999999992,18399.87999999992
2026-02-06 21:19:00,18399.87999999992,18399.87999999992
2026-02-06 22:19:00,18399.87999999992,18399.87999999992
2026-02-06 23:19:00,18399.87999999992,18399.87999999992
2026-02-09 01:20:00,18399.87999999992,18399.87999999992
2026-02-09 02:20:00,18399.87999999992,18399.87999999992
2026-02-09 03:20:00,18442.999999999916,18442.999999999916
2026-02-09 04:20:00,18442.999999999916,18442.999999999916
2026-02-09 05:20:00,18442.999999999916,18442.999999999916
2026-02-09 06:20:00,18442.999999999916,18442.999999999916
2026-02-09 07:20:00,18442.999999999916,18442.999999999916
2026-02-09 08:20:00,18442.999999999916,18442.999999999916
2026-02-09 09:20:00,18442.999999999916,18442.999999999916
2026-02-09 10:20:00,18442.999999999916,18442.999999999916
2026-02-09 11:20:00,18442.999999999916,18442.999999999916
2026-02-09 12:20:00,18442.999999999916,18442.999999999916
2026-02-09 13:20:00,18442.999999999916,18442.999999999916
2026-02-09 14:20:00,18442.999999999916,18442.999999999916
2026-02-09 15:20:00,18442.999999999916,18442.999999999916
2026-02-09 16:20:00,18442.999999999916,18442.999999999916
2026-02-09 17:20:00,18442.999999999916,18442.999999999916
2026-02-09 18:20:00,18442.999999999916,18442.999999999916
2026-02-09 19:20:00,18442.999999999916,18442.999999999916
2026-02-09 20:20:00,18467.26999999991,18462.979999999916
2026-02-09 21:20:00,18487.369999999908,18622.639999999905
2026-02-09 22:20:00,18527.56999999991,18726.999999999905
2026-02-09 23:20:00,18527.56999999991,18609.749999999905
2026-02-10 01:21:00,18526.86999999991,18526.86999999991
2026-02-10 02:21:00,18526.16999999991,18563.869999999915
2026-02-10 03:21:00,18589.88999999991,18691.109999999906
2026-02-10 04:21:00,18589.289999999906,18589.289999999906
2026-02-10 05:21:00,18589.289999999906,18589.289999999906
2026-02-10 06:21:00,18589.289999999906,18589.289999999906
2026-02-10 07:21:00,18589.289999999906,18589.289999999906
2026-02-10 08:21:00,18589.289999999906,18589.289999999906
2026-02-10 09:21:00,18589.289999999906,18589.289999999906
2026-02-10 10:21:00,18589.289999999906,18589.289999999906
2026-02-10 11:21:00,18589.289999999906,18589.289999999906
2026-02-10 12:21:00,18589.289999999906,18589.289999999906
2026-02-10 13:21:00,18589.289999999906,18589.289999999906
2026-02-10 14:21:00,18589.289999999906,18589.289999999906
2026-02-10 15:21:00,18589.289999999906,18589.289999999906
2026-02-10 16:21:00,18589.289999999906,18589.289999999906
2026-02-10 17:21:00,18589.289999999906,18589.289999999906
2026-02-10 18:21:00,18589.289999999906,18589.289999999906
2026-02-10 19:21:00,18589.289999999906,18589.289999999906
2026-02-10 20:21:00,18589.289999999906,18589.289999999906
2026-02-10 21:21:00,18589.289999999906,18589.289999999906
2026-02-10 22:21:00,18589.289999999906,18589.289999999906
2026-02-10 23:21:00,18589.289999999906,18589.289999999906
2026-02-11 01:22:00,18589.289999999906,18589.289999999906
2026-02-11 02:22:00,18589.289999999906,18589.289999999906
2026-02-11 03:22:00,18589.289999999906,18589.289999999906
2026-02-11 04:22:00,18589.289999999906,18589.289999999906
2026-02-11 05:22:00,18589.289999999906,18589.289999999906
2026-02-11 06:22:00,18589.289999999906,18589.289999999906
2026-02-11 07:22:00,18589.289999999906,18589.289999999906
2026-02-11 08:22:00,18589.289999999906,18589.289999999906
2026-02-11 09:22:00,18589.289999999906,18589.289999999906
2026-02-11 10:22:00,18589.289999999906,18589.289999999906
2026-02-11 11:22:00,18589.289999999906,18589.289999999906
2026-02-11 12:22:00,18589.289999999906,18589.289999999906
2026-02-11 13:22:00,18589.289999999906,18589.289999999906
2026-02-11 14:22:00,18589.289999999906,18589.289999999906
2026-02-11 15:22:00,18589.289999999906,18589.289999999906
2026-02-11 16:22:00,18589.289999999906,18589.289999999906
2026-02-11 17:22:00,18589.289999999906,18589.289999999906
2026-02-11 18:22:00,18589.289999999906,18589.289999999906
2026-02-11 19:22:00,18589.289999999906,18589.289999999906
2026-02-11 20:22:00,18589.289999999906,18589.289999999906
2026-02-11 21:22:00,18589.289999999906,18589.289999999906
2026-02-11 22:22:00,18589.289999999906,18589.289999999906
2026-02-11 23:22:00,18589.289999999906,18589.289999999906
2026-02-12 01:23:00,18589.289999999906,18589.289999999906
2026-02-12 02:23:00,18589.289999999906,18589.289999999906
2026-02-12 03:23:00,18589.289999999906,18589.289999999906
2026-02-12 04:23:00,18589.289999999906,18589.289999999906
2026-02-12 05:23:00,18589.289999999906,18589.289999999906
2026-02-12 06:23:00,18589.289999999906,18589.289999999906
2026-02-12 07:23:00,18589.289999999906,18589.289999999906
2026-02-12 08:23:00,18589.289999999906,18589.289999999906
2026-02-12 09:23:00,18589.289999999906,18589.289999999906
2026-02-12 10:23:00,18589.289999999906,18589.289999999906
2026-02-12 11:23:00,18589.289999999906,18589.289999999906
2026-02-12 12:23:00,18608.279999999904,18725.1899999999
2026-02-12 13:23:00,18647.799999999905,18763.439999999908
2026-02-12 14:23:00,18647.799999999905,18764.349999999904
2026-02-12 15:23:00,18647.799999999905,18690.009999999904
2026-02-12 16:23:00,18647.099999999908,18647.099999999908
2026-02-12 17:23:00,18647.099999999908,18647.099999999908
2026-02-12 18:23:00,18647.099999999908,18647.099999999908
2026-02-12 19:23:00,18647.099999999908,18647.099999999908
2026-02-12 20:23:00,18647.099999999908,18647.099999999908
2026-02-12 21:23:00,18647.099999999908,18647.099999999908
2026-02-12 22:23:00,18647.099999999908,18647.099999999908
2026-02-12 23:23:00,18647.099999999908,18647.099999999908
2026-02-13 01:24:00,18647.099999999908,18647.099999999908
2026-02-13 02:24:00,18647.099999999908,18647.099999999908
2026-02-13 03:24:00,18647.099999999908,18647.099999999908
2026-02-13 04:24:00,18646.88999999991,18643.949999999906
2026-02-13 05:24:00,18646.88999999991,18666.539999999906
2026-02-13 06:24:00,18646.88999999991,18626.699999999906
2026-02-13 07:24:00,18646.88999999991,18646.919999999907
2026-02-13 08:24:00,18646.399999999907,18679.719999999907
2026-02-13 09:24:00,18646.399999999907,18723.639999999905
2026-02-13 10:24:00,18661.13999999991,18770.219999999907
2026-02-13 11:24:00,18661.13999999991,18769.619999999908
2026-02-13 12:24:00,18660.539999999914,18696.149999999914
2026-02-13 13:24:00,18660.539999999914,18789.479999999912
2026-02-13 14:24:00,18660.539999999914,18693.80999999991
2026-02-13 15:24:00,18660.539999999914,18698.819999999912
2026-02-13 16:24:00,18660.539999999914,18603.269999999913
2026-02-13 17:24:00,18660.539999999914,18600.80999999991
2026-02-13 18:24:00,18674.069999999912,18722.279999999915
2026-02-13 19:24:00,18702.109999999913,18735.289999999914
2026-02-13 20:24:00,18702.109999999913,18764.259999999915
2026-02-13 21:24:00,18584.559999999914,18809.999999999913
2026-02-13 22:24:00,18584.559999999914,18758.479999999916
2026-02-13 23:24:00,18584.559999999914,18760.479999999916
2026-02-16 01:25:00,18799.949999999917,18955.829999999918
2026-02-16 02:25:00,18799.949999999917,18884.949999999917
2026-02-16 03:25:00,18799.949999999917,18966.749999999916
2026-02-16 04:25:00,18799.949999999917,18935.229999999916
2026-02-16 05:25:00,18799.949999999917,18837.02999999992
2026-02-16 06:25:00,18799.549999999916,18799.549999999916
2026-02-16 07:25:00,18799.549999999916,18799.549999999916
2026-02-16 08:25:00,18799.549999999916,18799.549999999916
2026-02-16 09:25:00,18799.549999999916,18799.549999999916
2026-02-16 10:25:00,18876.72999999991,18927.21999999991
2026-02-16 11:25:00,18875.629999999906,18875.629999999906
2026-02-16 12:25:00,18875.629999999906,18875.629999999906
2026-02-16 13:25:00,18875.629999999906,18875.629999999906
2026-02-16 14:25:00,18875.629999999906,18875.629999999906
2026-02-16 15:25:00,18875.629999999906,18875.629999999906
2026-02-16 16:25:00,18875.629999999906,18875.629999999906
2026-02-16 17:25:00,18873.38999999991,18966.82999999988
2026-02-16 18:25:00,18873.38999999991,19058.3499999999
2026-02-16 19:25:00,19038.269999999906,19294.5899999999
2026-02-16 20:25:00,19038.269999999906,19327.709999999894
2026-02-16 21:25:00,19038.269999999906,19259.229999999898
2026-02-17 01:54:00,19030.269999999906,19295.869999999897
2026-02-17 02:54:00,19028.6699999999,19028.6699999999
2026-02-17 03:54:00,19028.6699999999,19028.6699999999
2026-02-17 04:54:00,19028.6699999999,19028.6699999999
2026-02-17 05:54:00,19028.6699999999,19028.6699999999
2026-02-17 06:54:00,19028.6699999999,19028.6699999999
2026-02-17 07:54:00,18837.849999999897,18837.849999999897
2026-02-17 08:54:00,18837.849999999897,18837.849999999897
2026-02-17 09:54:00,18837.849999999897,18837.849999999897
2026-02-17 10:54:00,18837.849999999897,18837.849999999897
2026-02-17 11:54:00,18837.849999999897,18837.849999999897
2026-02-17 12:54:00,18837.849999999897,18837.849999999897
2026-02-17 13:54:00,18837.849999999897,18837.849999999897
2026-02-17 14:54:00,18837.849999999897,18837.849999999897
2026-02-17 15:54:00,18837.849999999897,18837.849999999897
2026-02-17 16:54:00,18837.849999999897,18837.849999999897
2026-02-17 17:54:00,18837.849999999897,18837.849999999897
2026-02-17 18:54:00,18837.849999999897,18837.849999999897
2026-02-17 19:54:00,18837.849999999897,18837.849999999897
2026-02-17 20:54:00,18837.849999999897,18837.849999999897
2026-02-17 21:54:00,18837.849999999897,18837.849999999897
2026-02-17 22:54:00,18837.849999999897,18837.849999999897
2026-02-17 23:54:00,18837.849999999897,18837.849999999897
2026-02-18 01:55:00,18837.849999999897,18837.849999999897
2026-02-18 02:55:00,18837.849999999897,18837.849999999897
2026-02-18 03:55:00,18837.849999999897,18837.849999999897
2026-02-18 04:55:00,18837.849999999897,18837.849999999897
2026-02-18 05:55:00,18837.849999999897,18837.849999999897
2026-02-18 06:55:00,18837.849999999897,18837.849999999897
2026-02-18 07:55:00,18837.849999999897,18837.849999999897
2026-02-18 08:55:00,18837.849999999897,18837.849999999897
2026-02-18 09:55:00,18837.849999999897,18837.849999999897
2026-02-18 10:55:00,18837.849999999897,18837.849999999897
2026-02-18 11:55:00,18837.849999999897,18837.849999999897
2026-02-18 12:55:00,18837.849999999897,18837.849999999897
2026-02-18 13:55:00,18837.849999999897,18837.849999999897
2026-02-18 14:55:00,18837.849999999897,18837.849999999897
2026-02-18 15:55:00,18837.849999999897,18837.849999999897
2026-02-18 16:55:00,18837.849999999897,18837.849999999897
2026-02-18 17:55:00,18837.849999999897,18837.849999999897
2026-02-18 18:55:00,18837.849999999897,18837.849999999897
2026-02-18 19:55:00,18837.849999999897,18837.849999999897
2026-02-18 20:55:00,18837.849999999897,18837.849999999897
2026-02-18 21:55:00,18837.009999999897,18860.289999999903
2026-02-18 22:55:00,18837.009999999897,18864.969999999896
2026-02-18 23:55:00,18837.009999999897,18815.1699999999
2026-02-19 01:56:00,18647.1699999999,18647.1699999999
2026-02-19 02:56:00,18647.1699999999,18647.1699999999
2026-02-19 03:56:00,18647.1699999999,18647.1699999999
2026-02-19 04:56:00,18647.1699999999,18647.1699999999
2026-02-19 05:56:00,18647.1699999999,18647.1699999999
2026-02-19 06:56:00,18647.1699999999,18647.1699999999
2026-02-19 07:56:00,18647.1699999999,18647.1699999999
2026-02-19 08:56:00,18647.1699999999,18647.1699999999
2026-02-19 09:56:00,18647.1699999999,18647.1699999999
2026-02-19 10:56:00,18647.1699999999,18647.1699999999
2026-02-19 11:56:00,18647.1699999999,18647.1699999999
2026-02-19 12:56:00,18647.1699999999,18647.1699999999
2026-02-19 13:56:00,18647.1699999999,18647.1699999999
2026-02-19 14:56:00,18647.1699999999,18647.1699999999
2026-02-19 15:56:00,18647.1699999999,18647.1699999999
2026-02-19 16:56:00,18647.1699999999,18647.1699999999
2026-02-19 17:56:00,18647.1699999999,18647.1699999999
2026-02-19 18:56:00,18818.4599999999,18858.659999999905
2026-02-19 19:56:00,18817.459999999905,18817.459999999905
2026-02-19 20:56:00,18817.459999999905,18817.459999999905
2026-02-19 21:56:00,18817.459999999905,18817.459999999905
2026-02-19 22:56:00,18817.459999999905,18817.459999999905
2026-02-19 23:56:00,18817.459999999905,18817.459999999905
2026-02-20 01:57:00,18817.459999999905,18817.459999999905
2026-02-20 02:57:00,18817.459999999905,18817.459999999905
2026-02-20 03:57:00,18817.459999999905,18817.459999999905
2026-02-20 04:57:00,18817.459999999905,18817.459999999905
2026-02-20 05:57:00,18817.459999999905,18817.459999999905
2026-02-20 06:57:00,18817.459999999905,18817.459999999905
2026-02-20 07:57:00,18817.459999999905,18817.459999999905
2026-02-20 08:57:00,18817.459999999905,18817.459999999905
2026-02-20 09:57:00,18817.459999999905,18817.459999999905
2026-02-20 10:57:00,18817.459999999905,18817.459999999905
2026-02-20 11:57:00,18817.459999999905,18817.459999999905
2026-02-20 12:57:00,18817.459999999905,18817.459999999905
2026-02-20 13:57:00,18815.919999999904,18820.099999999897
2026-02-20 14:57:00,18839.419999999896,18839.419999999896
2026-02-20 15:57:00,18839.419999999896,18839.419999999896
2026-02-20 16:57:00,18839.419999999896,18839.419999999896
2026-02-20 17:57:00,18648.169999999896,18648.169999999896
2026-02-20 18:57:00,18648.169999999896,18648.169999999896
2026-02-20 19:57:00,18648.169999999896,18648.169999999896
2026-02-20 20:57:00,18648.169999999896,18648.169999999896
2026-02-20 21:57:00,18648.169999999896,18648.169999999896
2026-02-20 22:57:00,18648.169999999896,18648.169999999896
2026-02-20 23:57:00,18648.169999999896,18648.169999999896
2026-02-23 01:58:00,18648.169999999896,18648.169999999896
2026-02-23 02:58:00,18648.169999999896,18648.169999999896
2026-02-23 03:58:00,18648.169999999896,18648.169999999896
2026-02-23 04:58:00,18648.169999999896,18648.169999999896
2026-02-23 05:58:00,18648.169999999896,18648.169999999896
2026-02-23 06:58:00,18648.169999999896,18648.169999999896
2026-02-23 07:58:00,18648.169999999896,18648.169999999896
2026-02-23 08:58:00,18648.169999999896,18648.169999999896
2026-02-23 09:58:00,18648.169999999896,18648.169999999896
2026-02-23 10:58:00,18648.169999999896,18648.169999999896
2026-02-23 11:58:00,18648.169999999896,18648.169999999896
2026-02-23 12:58:00,18648.169999999896,18648.169999999896
2026-02-23 13:58:00,18648.169999999896,18648.169999999896
2026-02-23 14:58:00,18648.169999999896,18648.169999999896
2026-02-23 15:58:00,18648.169999999896,18648.169999999896
2026-02-23 16:58:00,18648.169999999896,18648.169999999896
2026-02-23 17:58:00,18648.169999999896,18648.169999999896
2026-02-23 18:58:00,18648.169999999896,18648.169999999896
2026-02-23 19:58:00,18646.909999999894,18847.609999999888
2026-02-23 20:58:00,18695.38999999989,18881.729999999894
2026-02-23 21:58:00,18695.38999999989,18970.20999999989
2026-02-23 22:58:00,18792.189999999893,19201.18999999989
2026-02-23 23:58:00,18812.129999999874,19128.32999999987
2026-02-24 01:59:00,19000.769999999873,19239.98999999987
2026-02-24 02:59:00,19000.769999999873,19168.829999999874
2026-02-24 03:59:00,18812.399999999874,18812.399999999874
2026-02-24 04:59:00,18812.399999999874,18812.399999999874
2026-02-24 05:59:00,18812.399999999874,18812.399999999874
2026-02-24 06:59:00,18812.399999999874,18812.399999999874
2026-02-24 07:59:00,18812.399999999874,18812.399999999874
2026-02-24 08:59:00,18812.399999999874,18812.399999999874
2026-02-24 09:59:00,18833.53999999987,18833.53999999987
2026-02-24 10:59:00,18833.53999999987,18833.53999999987
2026-02-24 11:59:00,18833.53999999987,18833.53999999987
2026-02-24 12:59:00,18833.53999999987,18833.53999999987
2026-02-24 13:59:00,18833.53999999987,18833.53999999987
2026-02-24 14:59:00,18833.53999999987,18833.53999999987
2026-02-24 15:59:00,18833.53999999987,18833.53999999987
2026-02-24 16:59:00,18833.53999999987,18833.53999999987
2026-02-24 17:59:00,18833.53999999987,18833.53999999987
2026-02-24 18:59:00,18833.53999999987,18833.53999999987
2026-02-24 19:59:00,18833.53999999987,18833.53999999987
2026-02-24 20:59:00,18833.53999999987,18833.53999999987
2026-02-24 21:59:00,18832.27999999987,18859.27999999987
2026-02-24 22:59:00,18906.919999999875,19026.61999999988
2026-02-25 01:00:00,18905.919999999882,18905.919999999882
2026-02-25 02:00:00,18711.51999999989,18711.51999999989
2026-02-25 03:00:00,18711.51999999989,18711.51999999989
2026-02-25 04:00:00,18711.51999999989,18711.51999999989
2026-02-25 05:00:00,18731.77999999989,18852.73999999989
2026-02-25 06:00:00,18731.77999999989,18806.979999999894
2026-02-25 07:00:00,18730.979999999898,18730.979999999898
2026-02-25 08:00:00,18730.979999999898,18730.979999999898
2026-02-25 09:00:00,18730.979999999898,18730.979999999898
2026-02-25 10:00:00,18730.979999999898,18730.979999999898
2026-02-25 11:00:00,18730.979999999898,18730.979999999898
2026-02-25 12:00:00,18730.979999999898,18730.979999999898
2026-02-25 13:00:00,18730.979999999898,18730.979999999898
2026-02-25 14:00:00,18730.979999999898,18730.979999999898
2026-02-25 15:00:00,18753.609999999906,18753.609999999906
2026-02-25 16:00:00,18753.609999999906,18753.609999999906
2026-02-25 17:00:00,18753.609999999906,18753.609999999906
2026-02-25 18:00:00,18753.609999999906,18753.609999999906
2026-02-25 19:00:00,18753.609999999906,18753.609999999906
2026-02-25 20:00:00,18829.799999999916,18911.049999999916
2026-02-25 21:00:00,18829.799999999916,18973.70999999991
2026-02-25 22:00:00,18933.77999999992,19004.549999999923
2026-02-25 23:00:00,19176.399999999925,19176.399999999925
2026-02-26 01:01:00,19176.399999999925,19176.399999999925
2026-02-26 02:01:00,19176.399999999925,19176.399999999925
2026-02-26 03:01:00,19176.399999999925,19176.399999999925
2026-02-26 04:01:00,19196.069999999927,19327.46999999993
2026-02-26 05:01:00,19195.169999999936,19195.169999999936
2026-02-26 06:01:00,19195.169999999936,19195.169999999936
2026-02-26 07:01:00,19195.169999999936,19195.169999999936
2026-02-26 08:01:00,19195.169999999936,19195.169999999936
2026-02-26 09:01:00,19195.169999999936,19195.169999999936
2026-02-26 10:01:00,19195.169999999936,19195.169999999936
2026-02-26 11:01:00,19195.169999999936,19195.169999999936
2026-02-26 12:01:00,19195.169999999936,19195.169999999936
2026-02-26 13:01:00,19195.169999999936,19195.169999999936
2026-02-26 14:01:00,19195.169999999936,19195.169999999936
2026-02-26 15:01:00,19195.169999999936,19195.169999999936
2026-02-26 16:01:00,19195.169999999936,19195.169999999936
2026-02-26 17:01:00,19195.169999999936,19195.169999999936
2026-02-26 18:01:00,19195.169999999936,19195.169999999936
2026-02-26 19:01:00,19195.169999999936,19195.169999999936
2026-02-26 20:01:00,19194.749999999938,19173.929999999935
2026-02-26 21:01:00,19194.749999999938,19261.58999999994
2026-02-26 22:01:00,19213.37999999994,19296.92999999994
2026-02-26 23:01:00,19213.37999999994,19337.57999999994
2026-02-27 01:02:00,19210.87999999994,19242.82999999994
2026-02-27 02:02:00,19210.87999999994,19257.12999999994
2026-02-27 03:02:00,19210.379999999943,19210.379999999943
2026-02-27 04:02:00,19023.929999999953,19023.929999999953
2026-02-27 05:02:00,19023.929999999953,19023.929999999953
2026-02-27 06:02:00,19023.929999999953,19023.929999999953
2026-02-27 07:02:00,19023.929999999953,19023.929999999953
2026-02-27 08:02:00,19023.929999999953,19023.929999999953
2026-02-27 09:02:00,19023.929999999953,19023.929999999953
2026-02-27 10:02:00,19023.929999999953,19023.929999999953
2026-02-27 11:02:00,19023.929999999953,19023.929999999953
2026-02-27 12:02:00,19023.929999999953,19023.929999999953
2026-02-27 13:02:00,19023.929999999953,19023.929999999953
2026-02-27 14:02:00,19023.929999999953,19023.929999999953
2026-02-27 15:02:00,19023.929999999953,19023.929999999953
2026-02-27 16:02:00,19023.929999999953,19023.929999999953
2026-02-27 17:02:00,19023.929999999953,19023.929999999953
2026-02-27 18:02:00,19023.929999999953,19023.929999999953
2026-02-27 19:02:00,19023.929999999953,19023.929999999953
2026-02-27 20:02:00,19023.929999999953,19023.929999999953
2026-02-27 21:02:00,19023.929999999953,19023.929999999953
2026-02-27 22:02:00,19023.929999999953,19023.929999999953
2026-02-27 23:02:00,19023.929999999953,19023.929999999953
2026-03-02 01:03:00,19023.929999999953,19023.929999999953
2026-03-02 02:03:00,19023.929999999953,19023.929999999953
2026-03-02 03:03:00,19023.509999999955,18872.399999999958
2026-03-02 04:03:00,19023.509999999955,18916.61999999996
2026-03-02 05:03:00,19023.509999999955,19090.679999999953
2026-03-02 06:03:00,19023.509999999955,19151.879999999957
2026-03-02 07:03:00,19023.509999999955,19082.219999999954
2026-03-02 08:03:00,19023.509999999955,19156.559999999954
2026-03-02 09:03:00,19023.509999999955,19301.519999999953
2026-03-02 10:03:00,19170.999999999953,19415.139999999952
2026-03-02 11:03:00,19170.999999999953,19386.579999999954
2026-03-02 12:03:00,19170.999999999953,19339.299999999952
2026-03-02 13:03:00,19170.999999999953,19358.059999999954
2026-03-02 14:03:00,19170.999999999953,19342.259999999955
2026-03-02 15:03:00,19170.999999999953,19398.739999999954
2026-03-02 16:03:00,19170.999999999953,19341.819999999952
2026-03-02 17:03:00,19170.599999999955,19170.599999999955
2026-03-02 18:03:00,19170.599999999955,19170.599999999955
2026-03-02 19:03:00,19170.599999999955,19170.599999999955
2026-03-02 20:03:00,19170.599999999955,19170.599999999955
2026-03-02 21:03:00,19170.599999999955,19170.599999999955
2026-03-02 22:03:00,19170.599999999955,19170.599999999955
2026-03-02 23:03:00,19170.599999999955,19170.599999999955
2026-03-03 01:04:00,19170.599999999955,19170.599999999955
2026-03-03 02:04:00,19170.599999999955,19170.599999999955
2026-03-03 03:04:00,19170.249999999956,19132.399999999958
2026-03-03 04:04:00,19190.399999999958,19221.039999999957
2026-03-03 05:04:00,19189.99999999996,19189.99999999996
2026-03-03 06:04:00,19189.99999999996,19189.99999999996
2026-03-03 07:04:00,19189.99999999996,19189.99999999996
2026-03-03 08:04:00,19189.99999999996,19189.99999999996
2026-03-03 09:04:00,19189.99999999996,19189.99999999996
2026-03-03 10:04:00,19189.99999999996,19189.99999999996
2026-03-03 11:04:00,19189.99999999996,19189.99999999996
2026-03-03 12:04:00,19189.99999999996,19189.99999999996
2026-03-03 13:04:00,19189.99999999996,19189.99999999996
2026-03-03 14:04:00,19189.99999999996,19189.99999999996
2026-03-03 15:04:00,19189.43999999996,19167.83999999996
2026-03-03 16:04:00,19004.559999999954,19004.559999999954
2026-03-03 17:04:00,19004.559999999954,19004.559999999954
2026-03-03 18:04:00,18820.879999999954,18820.879999999954
2026-03-03 19:04:00,18820.879999999954,18820.879999999954
2026-03-03 20:04:00,18820.879999999954,18820.879999999954
2026-03-03 21:04:00,18820.879999999954,18820.879999999954
2026-03-03 22:04:00,18820.879999999954,18820.879999999954
2026-03-03 23:04:00,18820.879999999954,18820.879999999954
2026-03-04 01:05:00,18820.879999999954,18820.879999999954
2026-03-04 02:05:00,18820.879999999954,18820.879999999954
2026-03-04 03:05:00,18820.879999999954,18820.879999999954
2026-03-04 04:05:00,18820.879999999954,18820.879999999954
2026-03-04 05:05:00,18820.879999999954,18820.879999999954
2026-03-04 06:05:00,18820.879999999954,18820.879999999954
2026-03-04 07:05:00,18820.879999999954,18820.879999999954
2026-03-04 08:05:00,18820.879999999954,18820.879999999954
2026-03-04 09:05:00,18820.879999999954,18820.879999999954
2026-03-04 10:05:00,18820.879999999954,18820.879999999954
2026-03-04 11:05:00,18820.879999999954,18820.879999999954
2026-03-04 12:05:00,18820.879999999954,18820.879999999954
2026-03-04 13:05:00,18820.879999999954,18820.879999999954
2026-03-04 14:05:00,18820.879999999954,18820.879999999954
2026-03-04 15:05:00,18820.879999999954,18820.879999999954
2026-03-04 16:05:00,18898.50999999995,19008.83999999995
2026-03-04 17:05:00,18897.40999999995,18897.40999999995
2026-03-04 18:05:00,18954.17999999995,19018.64999999995
2026-03-04 19:05:00,18954.17999999995,19055.539999999946
2026-03-04 20:05:00,19030.87999999995,19179.92999999995
2026-03-04 21:05:00,19030.87999999995,19194.87999999995
2026-03-04 22:05:00,19030.87999999995,19173.879999999954
2026-03-04 23:05:00,19030.87999999995,19148.62999999995
2026-03-05 01:06:00,19031.62999999995,19085.679999999953
2026-03-05 02:06:00,19031.129999999954,19031.129999999954
2026-03-05 03:06:00,19031.129999999954,19031.129999999954
2026-03-05 04:06:00,19031.129999999954,19031.129999999954
2026-03-05 05:06:00,19031.129999999954,19031.129999999954
2026-03-05 06:06:00,19031.129999999954,19031.129999999954
2026-03-05 07:06:00,19031.129999999954,19031.129999999954
2026-03-05 08:06:00,19031.129999999954,19031.129999999954
2026-03-05 09:06:00,19031.129999999954,19031.129999999954
2026-03-05 10:06:00,19031.129999999954,19031.129999999954
2026-03-05 11:06:00,19031.129999999954,19031.129999999954
2026-03-05 12:06:00,19031.129999999954,19031.129999999954
2026-03-05 13:06:00,19031.129999999954,19031.129999999954
2026-03-05 14:06:00,19031.129999999954,19031.129999999954
2026-03-05 15:06:00,19054.489999999943,19054.489999999943
2026-03-05 16:06:00,19054.489999999943,19054.489999999943
2026-03-05 17:06:00,19054.489999999943,19054.489999999943
2026-03-05 18:06:00,19054.489999999943,19054.489999999943
2026-03-05 19:06:00,19054.489999999943,19054.489999999943
2026-03-05 20:06:00,19054.489999999943,19054.489999999943
2026-03-05 21:06:00,19054.489999999943,19054.489999999943
2026-03-05 22:06:00,19054.489999999943,19054.489999999943
2026-03-05 23:06:00,19054.489999999943,19054.489999999943
2026-03-06 01:07:00,19054.489999999943,19054.489999999943
2026-03-06 02:07:00,19054.489999999943,19054.489999999943
2026-03-06 03:07:00,19054.489999999943,19054.489999999943
2026-03-06 04:07:00,19054.489999999943,19054.489999999943
2026-03-06 05:07:00,19054.489999999943,19054.489999999943
2026-03-06 06:07:00,19054.489999999943,19054.489999999943
2026-03-06 07:07:00,19054.489999999943,19054.489999999943
2026-03-06 08:07:00,18869.529999999948,18869.529999999948
2026-03-06 09:07:00,18869.529999999948,18869.529999999948
2026-03-06 10:07:00,18970.349999999955,19048.74999999996
2026-03-06 11:07:00,18969.64999999996,18969.64999999996
2026-03-06 12:07:00,18969.64999999996,18969.64999999996
2026-03-06 13:07:00,18969.64999999996,18969.64999999996
2026-03-06 14:07:00,18969.64999999996,18969.64999999996
2026-03-06 15:07:00,18969.64999999996,18969.64999999996
2026-03-06 16:07:00,18969.64999999996,18969.64999999996
2026-03-06 17:07:00,18969.64999999996,18969.64999999996
2026-03-06 18:07:00,18969.64999999996,18969.64999999996
2026-03-06 19:07:00,18986.149999999965,18998.649999999965
2026-03-06 20:07:00,18986.149999999965,19066.449999999968
2026-03-06 21:07:00,19019.989999999965,19175.109999999968
2026-03-06 22:07:00,19019.989999999965,19152.429999999968
2026-03-06 23:07:00,19019.989999999965,19172.869999999966
2026-03-09 00:08:00,19085.869999999966,19085.869999999966
2026-03-09 01:08:00,19085.869999999966,19085.869999999966
2026-03-09 02:08:00,19085.869999999966,19085.869999999966
2026-03-09 03:08:00,19085.869999999966,19085.869999999966
2026-03-09 04:08:00,19085.869999999966,19085.869999999966
2026-03-09 05:08:00,19085.869999999966,19085.869999999966
2026-03-09 06:08:00,19085.869999999966,19085.869999999966
2026-03-09 07:08:00,19085.869999999966,19085.869999999966
2026-03-09 08:08:00,19085.869999999966,19085.869999999966
2026-03-09 09:08:00,19085.869999999966,19085.869999999966
2026-03-09 10:08:00,19085.869999999966,19085.869999999966
2026-03-09 11:08:00,19085.869999999966,19085.869999999966
2026-03-09 12:08:00,19085.869999999966,19085.869999999966
2026-03-09 13:08:00,19085.869999999966,19085.869999999966
2026-03-09 14:08:00,19085.869999999966,19085.869999999966
2026-03-09 15:08:00,19085.869999999966,19085.869999999966
2026-03-09 16:08:00,19085.869999999966,19085.869999999966
2026-03-09 17:08:00,19085.869999999966,19085.869999999966
2026-03-09 18:08:00,19085.869999999966,19085.869999999966
2026-03-09 19:08:00,19085.869999999966,19085.869999999966
2026-03-09 20:08:00,19085.869999999966,19085.869999999966
2026-03-09 21:08:00,19085.869999999966,19085.869999999966
2026-03-09 22:08:00,19085.869999999966,19085.869999999966
2026-03-10 00:09:00,19085.869999999966,19085.869999999966
2026-03-10 01:09:00,19085.869999999966,19085.869999999966
2026-03-10 02:09:00,19085.869999999966,19085.869999999966
2026-03-10 03:09:00,19085.869999999966,19085.869999999966
2026-03-10 04:09:00,19085.869999999966,19085.869999999966
2026-03-10 05:09:00,19085.869999999966,19085.869999999966
2026-03-10 06:09:00,19083.139999999967,19066.369999999955
2026-03-10 07:09:00,19267.999999999956,19381.399999999954
2026-03-10 08:09:00,19267.999999999956,19479.319999999952
2026-03-10 09:09:00,19267.999999999956,19444.399999999954
2026-03-10 10:09:00,19549.63999999995,19549.63999999995
2026-03-10 11:09:00,19549.63999999995,19549.63999999995
2026-03-10 12:09:00,19549.63999999995,19549.63999999995
2026-03-10 13:09:00,19549.63999999995,19549.63999999995
2026-03-10 14:09:00,19549.63999999995,19549.63999999995
2026-03-10 15:09:00,19549.63999999995,19549.63999999995
2026-03-10 16:09:00,19549.63999999995,19549.63999999995
2026-03-10 17:09:00,19549.63999999995,19549.63999999995
2026-03-10 18:09:00,19549.63999999995,19549.63999999995
2026-03-10 19:09:00,19549.63999999995,19549.63999999995
2026-03-10 20:09:00,19549.63999999995,19549.63999999995
2026-03-10 21:09:00,19549.63999999995,19549.63999999995
2026-03-10 22:09:00,19549.63999999995,19549.63999999995
2026-03-11 00:10:00,19549.63999999995,19549.63999999995
2026-03-11 01:10:00,19549.63999999995,19549.63999999995
2026-03-11 02:10:00,19549.63999999995,19549.63999999995
2026-03-11 03:10:00,19549.63999999995,19549.63999999995
2026-03-11 04:10:00,19548.169999999947,19462.699999999953
2026-03-11 05:10:00,19631.519999999953,19751.859999999957
2026-03-11 06:10:00,19630.419999999962,19630.419999999962
2026-03-11 07:10:00,19630.419999999962,19630.419999999962
2026-03-11 08:10:00,19630.419999999962,19630.419999999962
2026-03-11 09:10:00,19630.419999999962,19630.419999999962
2026-03-11 10:10:00,19630.419999999962,19630.419999999962
2026-03-11 11:10:00,19630.419999999962,19630.419999999962
2026-03-11 12:10:00,19630.419999999962,19630.419999999962
2026-03-11 13:10:00,19630.419999999962,19630.419999999962
2026-03-11 14:10:00,19630.419999999962,19630.419999999962
2026-03-11 15:10:00,19630.419999999962,19630.419999999962
2026-03-11 16:10:00,19630.419999999962,19630.419999999962
2026-03-11 17:10:00,19630.419999999962,19630.419999999962
2026-03-11 18:10:00,19630.419999999962,19630.419999999962
2026-03-11 19:10:00,19630.419999999962,19630.419999999962
2026-03-11 20:10:00,19729.739999999958,20013.689999999962
2026-03-11 21:10:00,19785.13999999996,20047.609999999964
2026-03-11 22:10:00,19785.13999999996,20138.409999999963
2026-03-12 00:11:00,19775.13999999996,20013.20999999996
2026-03-12 01:11:00,19773.13999999996,19773.13999999996
2026-03-12 02:11:00,19773.13999999996,19773.13999999996
2026-03-12 03:11:00,19773.13999999996,19773.13999999996
2026-03-12 04:11:00,19773.13999999996,19773.13999999996
2026-03-12 05:11:00,19773.13999999996,19773.13999999996
2026-03-12 06:11:00,19773.13999999996,19773.13999999996
2026-03-12 07:11:00,19773.13999999996,19773.13999999996
2026-03-12 08:11:00,19773.13999999996,19773.13999999996
2026-03-12 09:11:00,19773.13999999996,19773.13999999996
2026-03-12 10:11:00,19773.13999999996,19773.13999999996
2026-03-12 11:11:00,19773.13999999996,19773.13999999996
2026-03-12 12:11:00,19773.13999999996,19773.13999999996
2026-03-12 13:11:00,19773.13999999996,19773.13999999996
2026-03-12 14:11:00,19773.13999999996,19773.13999999996
2026-03-12 15:11:00,19773.13999999996,19773.13999999996
2026-03-12 16:11:00,19773.13999999996,19773.13999999996
2026-03-12 17:11:00,19773.13999999996,19773.13999999996
2026-03-12 18:11:00,19773.13999999996,19773.13999999996
2026-03-12 19:11:00,19773.13999999996,19773.13999999996
2026-03-12 20:11:00,19773.13999999996,19773.13999999996
2026-03-12 21:11:00,19773.13999999996,19773.13999999996
2026-03-12 22:11:00,19773.13999999996,19773.13999999996
2026-03-13 00:12:00,19773.13999999996,19773.13999999996
2026-03-13 01:12:00,19773.13999999996,19773.13999999996
2026-03-13 02:12:00,19773.13999999996,19773.13999999996
2026-03-13 03:12:00,19773.13999999996,19773.13999999996
2026-03-13 04:12:00,19773.13999999996,19773.13999999996
2026-03-13 05:12:00,19578.04999999997,19578.04999999997
2026-03-13 06:12:00,19578.04999999997,19578.04999999997
2026-03-13 07:12:00,19578.04999999997,19578.04999999997
2026-03-13 08:12:00,19578.04999999997,19578.04999999997
2026-03-13 09:12:00,19578.04999999997,19578.04999999997
2026-03-13 10:12:00,19578.04999999997,19578.04999999997
2026-03-13 11:12:00,19578.04999999997,19578.04999999997
2026-03-13 12:12:00,19578.04999999997,19578.04999999997
2026-03-13 13:12:00,19578.04999999997,19578.04999999997
2026-03-13 14:12:00,19578.04999999997,19578.04999999997
2026-03-13 15:12:00,19578.04999999997,19578.04999999997
2026-03-13 16:12:00,19578.04999999997,19578.04999999997
2026-03-13 17:12:00,19577.349999999973,19783.449999999968
2026-03-13 18:12:00,19618.14999999997,19618.14999999997
2026-03-13 19:12:00,19618.14999999997,19618.14999999997
2026-03-13 20:12:00,19618.14999999997,19618.14999999997
2026-03-13 21:12:00,19618.14999999997,19618.14999999997
2026-03-13 22:12:00,19618.14999999997,19618.14999999997
2026-03-16 00:13:00,19618.14999999997,19618.14999999997
2026-03-16 01:13:00,19618.14999999997,19618.14999999997
2026-03-16 02:13:00,19618.14999999997,19618.14999999997
2026-03-16 03:13:00,19618.14999999997,19618.14999999997
2026-03-16 04:13:00,19618.14999999997,19618.14999999997
2026-03-16 05:13:00,19618.14999999997,19618.14999999997
2026-03-16 06:13:00,19618.14999999997,19618.14999999997
2026-03-16 07:13:00,19618.14999999997,19618.14999999997
2026-03-16 08:13:00,19618.14999999997,19618.14999999997
2026-03-16 09:13:00,19616.539999999968,19613.549999999967
2026-03-16 10:13:00,19423.10999999997,19423.10999999997
2026-03-16 11:13:00,19423.10999999997,19423.10999999997
2026-03-16 12:13:00,19423.10999999997,19423.10999999997
2026-03-16 13:13:00,19423.10999999997,19423.10999999997
2026-03-16 14:13:00,19423.10999999997,19423.10999999997
2026-03-16 15:13:00,19423.10999999997,19423.10999999997
2026-03-16 16:13:00,19423.10999999997,19423.10999999997
2026-03-16 17:13:00,19423.10999999997,19423.10999999997
2026-03-16 18:13:00,19423.10999999997,19423.10999999997
2026-03-16 19:13:00,19423.10999999997,19423.10999999997
2026-03-16 20:13:00,19423.10999999997,19423.10999999997
2026-03-16 21:13:00,19423.10999999997,19423.10999999997
2026-03-16 22:13:00,19423.10999999997,19423.10999999997
2026-03-17 00:14:00,19423.10999999997,19423.10999999997
2026-03-17 01:14:00,19423.10999999997,19423.10999999997
2026-03-17 02:14:00,19423.10999999997,19423.10999999997
2026-03-17 03:14:00,19423.10999999997,19423.10999999997
2026-03-17 04:14:00,19423.10999999997,19423.10999999997
2026-03-17 05:14:00,19423.10999999997,19423.10999999997
2026-03-17 06:14:00,19423.10999999997,19423.10999999997
2026-03-17 07:14:00,19423.10999999997,19423.10999999997
2026-03-17 08:14:00,19857.179999999982,19857.179999999982
2026-03-17 09:14:00,19857.179999999982,19857.179999999982
2026-03-17 10:14:00,19857.179999999982,19857.179999999982
2026-03-17 11:14:00,19857.179999999982,19857.179999999982
2026-03-17 12:14:00,19857.179999999982,19857.179999999982
2026-03-17 13:14:00,19857.179999999982,19857.179999999982
2026-03-17 14:14:00,19857.179999999982,19857.179999999982
2026-03-17 15:14:00,19857.179999999982,19857.179999999982
2026-03-17 16:14:00,19857.179999999982,19857.179999999982
2026-03-17 17:14:00,19857.179999999982,19857.179999999982
2026-03-17 18:14:00,19857.179999999982,19857.179999999982
2026-03-17 19:14:00,19857.179999999982,19857.179999999982
2026-03-17 20:14:00,19857.179999999982,19857.179999999982
2026-03-17 21:14:00,19857.179999999982,19857.179999999982
2026-03-17 22:14:00,19857.179999999982,19857.179999999982
2026-03-18 00:15:00,19857.179999999982,19857.179999999982
2026-03-18 01:15:00,19857.179999999982,19857.179999999982
2026-03-18 02:15:00,19857.179999999982,19857.179999999982
2026-03-18 03:15:00,19857.179999999982,19857.179999999982
2026-03-18 04:15:00,19857.179999999982,19857.179999999982
2026-03-18 05:15:00,19857.179999999982,19857.179999999982
2026-03-18 06:15:00,19857.179999999982,19857.179999999982
2026-03-18 07:15:00,19857.179999999982,19857.179999999982
2026-03-18 08:15:00,19857.179999999982,19857.179999999982
2026-03-18 09:15:00,19857.179999999982,19857.179999999982
2026-03-18 10:15:00,19857.179999999982,19857.179999999982
2026-03-18 11:15:00,19857.179999999982,19857.179999999982
2026-03-18 12:15:00,19943.399999999987,19971.239999999994
2026-03-18 13:15:00,19942.19999999999,19942.19999999999
2026-03-18 14:15:00,19942.19999999999,19942.19999999999
2026-03-18 15:15:00,19942.19999999999,19942.19999999999
2026-03-18 16:15:00,19942.19999999999,19942.19999999999
2026-03-18 17:15:00,19942.19999999999,19942.19999999999
2026-03-18 18:15:00,19942.19999999999,19942.19999999999
2026-03-18 19:15:00,19942.19999999999,19942.19999999999
2026-03-18 20:15:00,19942.19999999999,19942.19999999999
2026-03-18 21:15:00,19942.19999999999,19942.19999999999
2026-03-18 22:15:00,19942.19999999999,19942.19999999999
2026-03-19 00:16:00,19942.19999999999,19942.19999999999
2026-03-19 01:16:00,19942.19999999999,19942.19999999999
2026-03-19 02:16:00,19942.19999999999,19942.19999999999
2026-03-19 03:16:00,19942.19999999999,19942.19999999999
2026-03-19 04:16:00,19942.19999999999,19942.19999999999
2026-03-19 05:16:00,19942.19999999999,19942.19999999999
2026-03-19 06:16:00,19942.19999999999,19942.19999999999
2026-03-19 07:16:00,19942.19999999999,19942.19999999999
2026-03-19 08:16:00,19942.19999999999,19942.19999999999
2026-03-19 09:16:00,19942.19999999999,19942.19999999999
2026-03-19 10:16:00,19942.19999999999,19942.19999999999
2026-03-19 11:16:00,19942.19999999999,19942.19999999999
2026-03-19 12:16:00,19942.19999999999,19942.19999999999
2026-03-19 13:16:00,19942.19999999999,19942.19999999999
2026-03-19 14:16:00,19942.19999999999,19942.19999999999
2026-03-19 15:16:00,19942.19999999999,19942.19999999999
2026-03-19 16:16:00,19942.19999999999,19942.19999999999
2026-03-19 17:16:00,19942.19999999999,19942.19999999999
2026-03-19 18:16:00,19942.19999999999,19942.19999999999
2026-03-19 19:16:00,19942.19999999999,19942.19999999999
2026-03-19 20:16:00,19942.19999999999,19942.19999999999
2026-03-19 21:16:00,19942.19999999999,19942.19999999999
2026-03-19 22:16:00,19942.19999999999,19942.19999999999
2026-03-20 00:17:00,19942.19999999999,19942.19999999999
2026-03-20 01:17:00,19942.19999999999,19942.19999999999
2026-03-20 02:17:00,19940.65999999999,19708.999999999993
2026-03-20 03:17:00,19980.259999999987,19980.259999999987
2026-03-20 04:17:00,19980.259999999987,19980.259999999987
2026-03-20 05:17:00,19980.259999999987,19980.259999999987
2026-03-20 06:17:00,19980.259999999987,19980.259999999987
2026-03-20 07:17:00,20032.01999999999,20205.180000000004
2026-03-20 08:17:00,20088.9,20088.9
2026-03-20 09:17:00,20088.9,20088.9
2026-03-20 10:17:00,20088.9,20088.9
2026-03-20 11:17:00,20088.9,20088.9
2026-03-20 12:17:00,20088.9,20088.9
2026-03-20 13:17:00,20088.9,20088.9
2026-03-20 14:17:00,20088.9,20088.9
2026-03-20 15:17:00,20088.9,20088.9
2026-03-20 16:17:00,20088.9,20088.9
2026-03-20 17:17:00,20088.9,20088.9
2026-03-20 18:17:00,20088.9,20088.9
2026-03-20 19:17:00,20088.9,20088.9
2026-03-20 20:17:00,20088.9,20088.9
2026-03-20 21:17:00,20088.9,20088.9
2026-03-20 22:17:00,20088.9,20088.9
2026-03-23 00:18:00,20088.9,20088.9
2026-03-23 01:18:00,20088.9,20088.9
2026-03-23 02:18:00,20088.9,20088.9
2026-03-23 03:18:00,20088.9,20088.9
2026-03-23 04:18:00,20088.9,20088.9
2026-03-23 05:18:00,20088.9,20088.9
2026-03-23 06:18:00,20088.9,20088.9
2026-03-23 07:18:00,20088.9,20088.9
2026-03-23 08:18:00,20088.9,20088.9
2026-03-23 09:18:00,20088.9,20088.9
2026-03-23 10:18:00,20088.9,20088.9
2026-03-23 11:18:00,20088.34,20097.860000000004
2026-03-23 12:18:00,20292.72,20316.74
2026-03-23 13:18:00,20292.520000000004,20292.520000000004
2026-03-23 14:18:00,20292.520000000004,20292.520000000004
2026-03-23 15:18:00,20292.520000000004,20292.520000000004
2026-03-23 16:18:00,20292.520000000004,20292.520000000004
2026-03-23 17:18:00,20292.520000000004,20292.520000000004
2026-03-23 18:18:00,20292.520000000004,20292.520000000004
2026-03-23 19:18:00,20292.520000000004,20292.520000000004
2026-03-23 20:18:00,20292.520000000004,20292.520000000004
2026-03-23 21:18:00,20292.520000000004,20292.520000000004
2026-03-23 22:18:00,20292.520000000004,20292.520000000004
2026-03-24 00:19:00,20292.520000000004,20292.520000000004
2026-03-24 01:19:00,20292.520000000004,20292.520000000004
2026-03-24 02:19:00,20292.520000000004,20292.520000000004
2026-03-24 03:19:00,20292.520000000004,20292.520000000004
2026-03-24 04:19:00,20292.520000000004,20292.520000000004
2026-03-24 05:19:00,20292.520000000004,20292.520000000004
2026-03-24 06:19:00,20291.890000000003,20266.510000000006
2026-03-24 07:19:00,20315.63000000001,20315.63000000001
2026-03-24 08:19:00,20315.63000000001,20315.63000000001
2026-03-24 09:19:00,20315.63000000001,20315.63000000001
2026-03-24 10:19:00,20315.63000000001,20315.63000000001
2026-03-24 11:19:00,20315.63000000001,20315.63000000001
2026-03-24 12:19:00,20315.63000000001,20315.63000000001
2026-03-24 13:19:00,20315.63000000001,20315.63000000001
2026-03-24 14:19:00,20315.63000000001,20315.63000000001
2026-03-24 15:19:00,20315.63000000001,20315.63000000001
2026-03-24 16:19:00,20315.63000000001,20315.63000000001
2026-03-24 17:19:00,20315.63000000001,20315.63000000001
2026-03-24 18:19:00,20315.63000000001,20315.63000000001
2026-03-24 19:19:00,20315.63000000001,20315.63000000001
2026-03-24 20:19:00,20342.290000000008,20454.370000000003
2026-03-24 21:19:00,20396.750000000007,20510.630000000005
2026-03-24 22:19:00,20396.750000000007,20517.710000000006
2026-03-25 00:20:00,20502.67000000001,20712.770000000008
2026-03-25 01:20:00,20720.49000000001,20720.49000000001
2026-03-25 02:20:00,20720.49000000001,20720.49000000001
2026-03-25 03:20:00,20926.920000000016,21121.880000000016
2026-03-25 04:20:00,21199.16000000002,21199.16000000002
2026-03-25 05:20:00,21199.16000000002,21199.16000000002
2026-03-25 06:20:00,21199.16000000002,21199.16000000002
2026-03-25 07:20:00,21199.16000000002,21199.16000000002
2026-03-25 08:20:00,20989.21000000003,20989.21000000003
2026-03-25 09:20:00,20989.21000000003,20989.21000000003
2026-03-25 10:20:00,20989.21000000003,20989.21000000003
2026-03-25 11:20:00,20989.21000000003,20989.21000000003
2026-03-25 12:20:00,21066.380000000026,21185.530000000028
2026-03-25 13:20:00,21066.380000000026,21249.330000000027
2026-03-25 14:20:00,21170.100000000028,21272.52000000003
2026-03-25 15:20:00,20962.98000000003,20962.98000000003
2026-03-25 16:20:00,20962.98000000003,20962.98000000003
2026-03-25 17:20:00,20962.98000000003,20962.98000000003
2026-03-25 18:20:00,20962.98000000003,20962.98000000003
2026-03-25 19:20:00,20962.98000000003,20962.98000000003
2026-03-25 20:20:00,20962.98000000003,20962.98000000003
2026-03-25 21:20:00,20962.98000000003,20962.98000000003
2026-03-25 22:20:00,20962.98000000003,20962.98000000003
2026-03-26 00:21:00,20962.98000000003,20962.98000000003
2026-03-26 01:21:00,20962.98000000003,20962.98000000003
2026-03-26 02:21:00,20962.98000000003,20962.98000000003
2026-03-26 03:21:00,20962.98000000003,20962.98000000003
2026-03-26 04:21:00,20962.98000000003,20962.98000000003
2026-03-26 05:21:00,20962.98000000003,20962.98000000003
2026-03-26 06:21:00,20962.98000000003,20962.98000000003
2026-03-26 07:21:00,20962.98000000003,20962.98000000003
2026-03-26 08:21:00,20962.98000000003,20962.98000000003
2026-03-26 09:21:00,20962.98000000003,20962.98000000003
2026-03-26 10:21:00,20962.98000000003,20962.98000000003
2026-03-26 11:21:00,20962.98000000003,20962.98000000003
2026-03-26 12:21:00,20962.98000000003,20962.98000000003
2026-03-26 13:21:00,20962.98000000003,20962.98000000003
2026-03-26 14:21:00,20962.98000000003,20962.98000000003
2026-03-26 15:21:00,20962.98000000003,20962.98000000003
2026-03-26 16:21:00,20962.98000000003,20962.98000000003
2026-03-26 17:21:00,20962.98000000003,20962.98000000003
2026-03-26 18:21:00,20962.98000000003,20962.98000000003
2026-03-26 19:21:00,20962.98000000003,20962.98000000003
2026-03-26 20:21:00,20962.98000000003,20962.98000000003
2026-03-26 21:21:00,20962.98000000003,20962.98000000003
2026-03-26 22:21:00,20962.98000000003,20962.98000000003
2026-03-27 00:22:00,20962.98000000003,20962.98000000003
2026-03-27 01:22:00,20962.98000000003,20962.98000000003
2026-03-27 02:22:00,20962.98000000003,20962.98000000003
2026-03-27 03:22:00,20962.98000000003,20962.98000000003
2026-03-27 04:22:00,20962.98000000003,20962.98000000003
2026-03-27 05:22:00,20962.98000000003,20962.98000000003
2026-03-27 06:22:00,20962.98000000003,20962.98000000003
2026-03-27 07:22:00,20962.98000000003,20962.98000000003
2026-03-27 08:22:00,20962.98000000003,20962.98000000003
2026-03-27 09:22:00,20962.98000000003,20962.98000000003
2026-03-27 10:22:00,20962.98000000003,20962.98000000003
2026-03-27 11:22:00,20962.98000000003,20962.98000000003
2026-03-27 12:22:00,20962.98000000003,20962.98000000003
2026-03-27 13:22:00,20962.98000000003,20962.98000000003
2026-03-27 14:22:00,20962.98000000003,20962.98000000003
2026-03-27 15:22:00,20962.98000000003,20962.98000000003
2026-03-27 16:22:00,20962.98000000003,20962.98000000003
2026-03-27 17:22:00,20962.98000000003,20962.98000000003
2026-03-27 18:22:00,20962.98000000003,20962.98000000003
2026-03-27 19:22:00,20962.07000000003,20902.790000000037
2026-03-27 20:22:00,20962.07000000003,21033.440000000024
2026-03-27 21:22:00,21015.61000000003,21218.010000000028
2026-03-27 22:22:00,21014.610000000044,21014.610000000044
2026-03-30 01:23:00,21014.610000000044,21014.610000000044
2026-03-30 02:23:00,21014.610000000044,21014.610000000044
2026-03-30 03:23:00,21013.420000000046,21038.240000000045
2026-03-30 04:23:00,21215.04000000005,21215.04000000005
2026-03-30 05:23:00,21215.04000000005,21215.04000000005
2026-03-30 06:23:00,21215.04000000005,21215.04000000005
2026-03-30 07:23:00,21215.04000000005,21215.04000000005
2026-03-30 08:23:00,21215.04000000005,21215.04000000005
2026-03-30 09:23:00,21215.04000000005,21215.04000000005
2026-03-30 10:23:00,21215.04000000005,21215.04000000005
2026-03-30 11:23:00,21215.04000000005,21215.04000000005
2026-03-30 12:23:00,21215.04000000005,21215.04000000005
2026-03-30 13:23:00,21215.04000000005,21215.04000000005
2026-03-30 14:23:00,21215.04000000005,21215.04000000005
2026-03-30 15:23:00,21215.04000000005,21215.04000000005
2026-03-30 16:23:00,21215.04000000005,21215.04000000005
2026-03-30 17:23:00,21215.04000000005,21215.04000000005
2026-03-30 18:23:00,21215.04000000005,21215.04000000005
2026-03-30 19:23:00,21215.04000000005,21215.04000000005
2026-03-30 20:23:00,21215.04000000005,21215.04000000005
2026-03-30 21:23:00,21215.04000000005,21215.04000000005
2026-03-30 22:23:00,21215.04000000005,21215.04000000005
2026-03-30 23:23:00,21215.04000000005,21215.04000000005
2026-03-31 01:24:00,21215.04000000005,21215.04000000005
2026-03-31 02:24:00,21215.04000000005,21215.04000000005
2026-03-31 03:24:00,21215.04000000005,21215.04000000005
2026-03-31 04:24:00,21215.04000000005,21215.04000000005
2026-03-31 05:24:00,21215.04000000005,21215.04000000005
2026-03-31 06:24:00,21213.85000000005,20995.29000000005
2026-03-31 07:24:00,21022.75000000005,20965.650000000052
2026-03-31 08:24:00,21022.75000000005,21007.25000000006
2026-03-31 09:24:00,21045.470000000056,21045.470000000056
2026-03-31 10:24:00,21073.720000000056,21138.32000000005
2026-03-31 11:24:00,21253.660000000054,21400.240000000053
2026-03-31 12:24:00,21253.660000000054,21393.030000000053
2026-03-31 13:24:00,21253.660000000054,21331.150000000052
2026-03-31 14:24:00,21252.96000000005,21252.96000000005
2026-03-31 15:24:00,21252.96000000005,21252.96000000005
2026-03-31 16:24:00,21252.96000000005,21252.96000000005
2026-03-31 17:24:00,21252.96000000005,21252.96000000005
2026-03-31 18:24:00,21252.96000000005,21252.96000000005
2026-03-31 19:24:00,21252.96000000005,21252.96000000005
2026-03-31 20:24:00,21252.96000000005,21252.96000000005
2026-03-31 21:24:00,21252.96000000005,21252.96000000005
2026-03-31 22:24:00,21252.96000000005,21252.96000000005
2026-03-31 23:24:00,21252.96000000005,21252.96000000005
2026-04-01 01:25:00,21252.96000000005,21252.96000000005
2026-04-01 02:25:00,21252.96000000005,21252.96000000005
2026-04-01 03:25:00,21252.96000000005,21252.96000000005
2026-04-01 04:25:00,21252.96000000005,21252.96000000005
2026-04-01 05:25:00,21252.96000000005,21252.96000000005
2026-04-01 06:25:00,21252.96000000005,21252.96000000005
2026-04-01 07:25:00,21252.96000000005,21252.96000000005
2026-04-01 08:25:00,21252.96000000005,21252.96000000005
2026-04-01 09:25:00,21252.96000000005,21252.96000000005
2026-04-01 10:25:00,21282.200000000044,21282.200000000044
2026-04-01 11:25:00,21282.200000000044,21282.200000000044
2026-04-01 12:25:00,21282.200000000044,21282.200000000044
2026-04-01 13:25:00,21282.200000000044,21282.200000000044
2026-04-01 14:25:00,21282.200000000044,21282.200000000044
2026-04-01 15:25:00,21282.200000000044,21282.200000000044
2026-04-01 16:25:00,21282.200000000044,21282.200000000044
2026-04-01 17:25:00,21282.200000000044,21282.200000000044
2026-04-01 18:25:00,21282.200000000044,21282.200000000044
2026-04-01 19:25:00,21282.200000000044,21282.200000000044
2026-04-01 20:25:00,21282.200000000044,21282.200000000044
2026-04-01 21:25:00,21282.200000000044,21282.200000000044
2026-04-01 22:25:00,21282.200000000044,21282.200000000044
2026-04-01 23:25:00,21282.200000000044,21282.200000000044
2026-04-02 01:26:00,21282.200000000044,21282.200000000044
2026-04-02 02:26:00,21282.200000000044,21282.200000000044
2026-04-02 03:26:00,21072.200000000037,21072.200000000037
2026-04-02 04:26:00,21072.200000000037,21072.200000000037
2026-04-02 05:26:00,21072.200000000037,21072.200000000037
2026-04-02 06:26:00,21072.200000000037,21072.200000000037
2026-04-02 07:26:00,21072.200000000037,21072.200000000037
2026-04-02 08:26:00,21072.200000000037,21072.200000000037
2026-04-02 09:26:00,21072.200000000037,21072.200000000037
2026-04-02 10:26:00,21071.78000000004,21001.100000000042
2026-04-02 11:26:00,20887.520000000044,20887.520000000044
2026-04-02 12:26:00,20887.520000000044,20887.520000000044
2026-04-02 13:26:00,20887.520000000044,20887.520000000044
2026-04-02 14:26:00,20887.520000000044,20887.520000000044
2026-04-02 15:26:00,20887.520000000044,20887.520000000044
2026-04-02 16:26:00,20887.520000000044,20887.520000000044
2026-04-02 17:26:00,20887.520000000044,20887.520000000044
2026-04-02 18:26:00,20887.520000000044,20887.520000000044
2026-04-02 19:26:00,20887.520000000044,20887.520000000044
2026-04-02 20:26:00,20887.520000000044,20887.520000000044
2026-04-02 21:26:00,20887.520000000044,20887.520000000044
2026-04-02 22:26:00,20887.520000000044,20887.520000000044
2026-04-02 23:26:00,20887.520000000044,20887.520000000044
2026-04-06 01:27:00,20887.170000000046,20934.970000000045
2026-04-06 02:27:00,20971.51000000004,20971.51000000004
2026-04-06 03:27:00,20971.51000000004,20971.51000000004
2026-04-06 04:27:00,20971.51000000004,20971.51000000004
2026-04-06 05:27:00,20971.51000000004,20971.51000000004
2026-04-06 06:27:00,20971.51000000004,20971.51000000004
2026-04-06 07:27:00,20971.51000000004,20971.51000000004
2026-04-06 08:27:00,20971.51000000004,20971.51000000004
2026-04-06 09:27:00,20971.51000000004,20971.51000000004
2026-04-06 10:27:00,21052.170000000027,21052.170000000027
2026-04-06 11:27:00,21052.170000000027,21052.170000000027
2026-04-06 12:27:00,21052.170000000027,21052.170000000027
2026-04-06 13:27:00,21052.030000000028,21084.510000000028
2026-04-06 14:27:00,21052.030000000028,21081.25000000003
2026-04-06 15:27:00,21052.030000000028,21127.810000000027
2026-04-06 16:27:00,21052.030000000028,21115.450000000026
2026-04-06 17:27:00,21052.030000000028,21088.870000000024
2026-04-06 18:27:00,21052.030000000028,21126.110000000026
2026-04-06 19:27:00,21052.030000000028,21125.370000000024
2026-04-06 20:27:00,21052.030000000028,21141.470000000027
2026-04-06 21:27:00,21052.030000000028,21132.510000000024
2026-04-06 22:27:00,21052.030000000028,21161.47000000003
2026-04-06 23:27:00,21052.030000000028,21145.61000000003
2026-04-07 01:28:00,21052.330000000027,21138.390000000025
2026-04-07 02:28:00,21052.330000000027,21148.970000000027
2026-04-07 03:28:00,21052.330000000027,21143.130000000026
2026-04-07 04:28:00,21052.330000000027,21154.590000000026
2026-04-07 05:28:00,21137.970000000027,21208.460000000025
2026-04-07 06:28:00,21137.970000000027,21198.340000000026
2026-04-07 07:28:00,21137.970000000027,21191.900000000027
2026-04-07 08:28:00,21137.970000000027,21209.480000000025
2026-04-07 09:28:00,21137.970000000027,21200.150000000027
2026-04-07 10:28:00,21137.970000000027,21200.520000000026
2026-04-07 11:28:00,21137.970000000027,21162.560000000027
2026-04-07 12:28:00,21137.970000000027,21152.570000000025
2026-04-07 13:28:00,21137.970000000027,21174.670000000027
2026-04-07 14:28:00,21137.970000000027,21190.860000000026
2026-04-07 15:28:00,21137.970000000027,21176.030000000028
2026-04-07 16:28:00,21137.970000000027,21182.720000000027
2026-04-07 17:28:00,21137.970000000027,21200.910000000025
2026-04-07 18:28:00,21137.970000000027,21191.930000000026
2026-04-07 19:28:00,21137.970000000027,21180.550000000025
2026-04-07 20:28:00,21137.970000000027,21184.120000000024
2026-04-07 21:28:00,21137.970000000027,21162.320000000025
2026-04-07 22:28:00,21137.970000000027,21151.210000000025
2026-04-07 23:28:00,21137.730000000025,21137.330000000024
2026-04-08 01:29:00,21138.630000000026,21091.130000000026
2026-04-08 02:29:00,20836.25000000003,20836.25000000003
2026-04-08 03:29:00,20836.25000000003,20836.25000000003
2026-04-08 04:29:00,20835.55000000003,20768.750000000033
2026-04-08 05:29:00,20860.55000000003,20946.95000000003
2026-04-08 06:29:00,20859.750000000033,20859.750000000033
2026-04-08 07:29:00,20859.750000000033,20859.750000000033
2026-04-08 08:29:00,20859.750000000033,20859.750000000033
2026-04-08 09:29:00,20859.750000000033,20859.750000000033
2026-04-08 10:29:00,20859.750000000033,20859.750000000033
2026-04-08 11:29:00,20859.750000000033,20859.750000000033
2026-04-08 12:29:00,20859.750000000033,20859.750000000033
2026-04-08 13:29:00,20859.750000000033,20859.750000000033
2026-04-08 14:29:00,20859.750000000033,20859.750000000033
2026-04-08 15:29:00,20859.750000000033,20859.750000000033
2026-04-08 16:29:00,20859.750000000033,20859.750000000033
2026-04-08 17:29:00,20859.750000000033,20859.750000000033
2026-04-08 18:29:00,20686.66000000004,20686.66000000004
2026-04-08 19:29:00,20686.66000000004,20686.66000000004
2026-04-08 20:29:00,20686.66000000004,20686.66000000004
2026-04-08 21:29:00,20686.66000000004,20686.66000000004
2026-04-08 22:29:00,20686.66000000004,20686.66000000004
2026-04-08 23:29:00,20686.66000000004,20686.66000000004
2026-04-09 01:30:00,20686.66000000004,20686.66000000004
2026-04-09 02:30:00,20686.66000000004,20686.66000000004
2026-04-09 03:30:00,20686.66000000004,20686.66000000004
2026-04-09 04:30:00,20686.66000000004,20686.66000000004
2026-04-09 05:30:00,20686.66000000004,20686.66000000004
2026-04-09 06:30:00,20686.66000000004,20686.66000000004
2026-04-09 07:30:00,20686.66000000004,20686.66000000004
2026-04-09 08:30:00,20686.66000000004,20686.66000000004
2026-04-09 09:30:00,20686.66000000004,20686.66000000004
2026-04-09 10:30:00,20686.66000000004,20686.66000000004
2026-04-09 11:30:00,20686.66000000004,20686.66000000004
2026-04-09 12:30:00,20686.66000000004,20686.66000000004
2026-04-09 13:30:00,20685.12000000004,20535.520000000033
2026-04-09 14:30:00,20482.72000000004,20482.72000000004
2026-04-09 15:30:00,20482.72000000004,20482.72000000004
2026-04-09 16:30:00,20482.72000000004,20482.72000000004
2026-04-09 17:30:00,20482.72000000004,20482.72000000004
2026-04-09 18:30:00,20482.72000000004,20482.72000000004
2026-04-09 19:30:00,20482.72000000004,20482.72000000004
2026-04-09 20:30:00,20482.72000000004,20482.72000000004
2026-04-09 21:30:00,20482.72000000004,20482.72000000004
2026-04-09 22:30:00,20482.72000000004,20482.72000000004
2026-04-09 23:30:00,20482.72000000004,20482.72000000004
2026-04-10 01:31:00,20482.72000000004,20482.72000000004
2026-04-10 02:31:00,20482.72000000004,20482.72000000004
2026-04-10 03:31:00,20482.72000000004,20482.72000000004
2026-04-10 04:31:00,20482.72000000004,20482.72000000004
2026-04-10 05:31:00,20482.72000000004,20482.72000000004
2026-04-10 06:31:00,20482.72000000004,20482.72000000004
2026-04-10 07:31:00,20482.72000000004,20482.72000000004
2026-04-10 08:31:00,20482.72000000004,20482.72000000004
2026-04-10 09:31:00,20506.81000000002,20506.81000000002
2026-04-10 10:31:00,20506.81000000002,20506.81000000002
2026-04-10 11:31:00,20506.81000000002,20506.81000000002
2026-04-10 12:31:00,20506.81000000002,20506.81000000002
2026-04-10 13:31:00,20506.81000000002,20506.81000000002
2026-04-10 14:31:00,20506.81000000002,20506.81000000002
2026-04-10 15:31:00,20506.81000000002,20506.81000000002
2026-04-10 16:31:00,20506.81000000002,20506.81000000002
2026-04-10 17:31:00,20506.81000000002,20506.81000000002
2026-04-10 18:31:00,20506.81000000002,20506.81000000002
2026-04-10 19:31:00,20588.830000000027,20772.79000000003
2026-04-10 20:31:00,20701.31000000003,20810.210000000036
2026-04-10 21:31:00,20700.310000000034,20700.310000000034
2026-04-10 22:31:00,20700.310000000034,20700.310000000034
2026-04-10 23:31:00,20700.310000000034,20700.310000000034
2026-04-13 01:32:00,20700.310000000034,20700.310000000034
2026-04-13 02:32:00,20700.310000000034,20700.310000000034
2026-04-13 03:32:00,20700.310000000034,20700.310000000034
2026-04-13 04:32:00,20700.310000000034,20700.310000000034
2026-04-13 05:32:00,20700.310000000034,20700.310000000034
2026-04-13 06:32:00,20700.310000000034,20700.310000000034
2026-04-13 07:32:00,20700.310000000034,20700.310000000034
2026-04-13 08:32:00,20700.310000000034,20700.310000000034
2026-04-13 09:32:00,20700.310000000034,20700.310000000034
2026-04-13 10:32:00,20700.310000000034,20700.310000000034
2026-04-13 11:32:00,20700.310000000034,20700.310000000034
2026-04-13 12:32:00,20700.310000000034,20700.310000000034
2026-04-13 13:32:00,20700.310000000034,20700.310000000034
2026-04-13 14:32:00,20700.310000000034,20700.310000000034
2026-04-13 15:32:00,20700.310000000034,20700.310000000034
2026-04-13 16:32:00,20700.310000000034,20700.310000000034
2026-04-13 17:32:00,20700.310000000034,20700.310000000034
2026-04-13 18:32:00,20700.310000000034,20700.310000000034
2026-04-13 19:32:00,20699.050000000036,20675.65000000003
2026-04-13 20:32:00,20499.610000000037,20499.610000000037
2026-04-13 21:32:00,20499.610000000037,20499.610000000037
2026-04-13 22:32:00,20499.610000000037,20499.610000000037
2026-04-13 23:32:00,20499.610000000037,20499.610000000037
2026-04-14 01:33:00,20499.610000000037,20499.610000000037
2026-04-14 02:33:00,20499.610000000037,20499.610000000037
2026-04-14 03:33:00,20499.610000000037,20499.610000000037
2026-04-14 04:33:00,20499.610000000037,20499.610000000037
2026-04-14 05:33:00,20499.610000000037,20499.610000000037
2026-04-14 06:33:00,20499.610000000037,20499.610000000037
2026-04-14 07:33:00,20499.610000000037,20499.610000000037
2026-04-14 08:33:00,20499.610000000037,20499.610000000037
2026-04-14 09:33:00,20499.610000000037,20499.610000000037
2026-04-14 10:33:00,20499.610000000037,20499.610000000037
2026-04-14 11:33:00,20499.610000000037,20499.610000000037
2026-04-14 12:33:00,20499.610000000037,20499.610000000037
2026-04-14 13:33:00,20499.610000000037,20499.610000000037
2026-04-14 14:33:00,20499.610000000037,20499.610000000037
2026-04-14 15:33:00,20499.610000000037,20499.610000000037
2026-04-14 16:33:00,20499.610000000037,20499.610000000037
2026-04-14 17:33:00,20499.610000000037,20499.610000000037
2026-04-14 18:33:00,20499.610000000037,20499.610000000037
2026-04-14 19:33:00,20499.610000000037,20499.610000000037
2026-04-14 20:33:00,20499.610000000037,20499.610000000037
2026-04-14 21:33:00,20499.610000000037,20499.610000000037
2026-04-14 22:33:00,20499.610000000037,20499.610000000037
2026-04-14 23:33:00,20499.610000000037,20499.610000000037
2026-04-15 01:34:00,20499.610000000037,20499.610000000037
2026-04-15 02:34:00,20499.610000000037,20499.610000000037
2026-04-15 03:34:00,20499.610000000037,20499.610000000037
2026-04-15 04:34:00,20499.610000000037,20499.610000000037
2026-04-15 05:34:00,20499.610000000037,20499.610000000037
2026-04-15 06:34:00,20499.610000000037,20499.610000000037
2026-04-15 07:34:00,20499.610000000037,20499.610000000037
2026-04-15 08:34:00,20499.610000000037,20499.610000000037
2026-04-15 09:34:00,20524.320000000054,20524.320000000054
2026-04-15 10:34:00,20524.320000000054,20524.320000000054
2026-04-15 11:34:00,20524.320000000054,20524.320000000054
2026-04-15 12:34:00,20524.320000000054,20524.320000000054
2026-04-15 13:34:00,20524.320000000054,20524.320000000054
2026-04-15 14:34:00,20524.320000000054,20524.320000000054
2026-04-15 15:34:00,20522.710000000054,20431.40000000005
2026-04-15 16:34:00,20318.70000000006,20318.70000000006
2026-04-15 17:34:00,20318.70000000006,20318.70000000006
2026-04-15 18:34:00,20318.70000000006,20318.70000000006
2026-04-15 19:34:00,20318.70000000006,20318.70000000006
2026-04-15 20:34:00,20318.70000000006,20318.70000000006
2026-04-15 21:34:00,20318.70000000006,20318.70000000006
2026-04-15 22:34:00,20318.70000000006,20318.70000000006
2026-04-15 23:34:00,20318.70000000006,20318.70000000006
2026-04-16 01:35:00,20318.70000000006,20318.70000000006
2026-04-16 02:35:00,20318.70000000006,20318.70000000006
2026-04-16 03:35:00,20318.70000000006,20318.70000000006
2026-04-16 04:35:00,20318.70000000006,20318.70000000006
2026-04-16 05:35:00,20318.70000000006,20318.70000000006
2026-04-16 06:35:00,20318.70000000006,20318.70000000006
2026-04-16 07:35:00,20318.70000000006,20318.70000000006
2026-04-16 08:35:00,20318.70000000006,20318.70000000006
2026-04-16 09:35:00,20318.70000000006,20318.70000000006
2026-04-16 10:35:00,20318.70000000006,20318.70000000006
2026-04-16 11:35:00,20318.70000000006,20318.70000000006
2026-04-16 12:35:00,20318.70000000006,20318.70000000006
2026-04-16 13:35:00,20318.70000000006,20318.70000000006
2026-04-16 14:35:00,20318.70000000006,20318.70000000006
2026-04-16 15:35:00,20368.050000000047,20486.050000000057
2026-04-16 16:35:00,20366.050000000054,20366.050000000054
2026-04-16 17:35:00,20366.050000000054,20366.050000000054
2026-04-16 18:35:00,20366.050000000054,20366.050000000054
2026-04-16 19:35:00,20366.050000000054,20366.050000000054
2026-04-16 20:35:00,20366.050000000054,20366.050000000054
2026-04-16 21:35:00,20366.050000000054,20366.050000000054
2026-04-16 22:35:00,20366.050000000054,20366.050000000054
2026-04-16 23:35:00,20366.050000000054,20366.050000000054
2026-04-17 01:36:00,20366.050000000054,20366.050000000054
2026-04-17 02:36:00,20366.050000000054,20366.050000000054
2026-04-17 03:36:00,20366.050000000054,20366.050000000054
2026-04-17 04:36:00,20366.050000000054,20366.050000000054
2026-04-17 05:36:00,20366.050000000054,20366.050000000054
2026-04-17 06:36:00,20452.360000000055,20549.11000000005
2026-04-17 07:36:00,20452.360000000055,20626.96000000006
2026-04-17 08:36:00,20570.10000000006,20673.220000000063
2026-04-17 09:36:00,20569.300000000065,20569.300000000065
2026-04-17 10:36:00,20569.300000000065,20569.300000000065
2026-04-17 11:36:00,20569.300000000065,20569.300000000065
2026-04-17 12:36:00,20569.300000000065,20569.300000000065
2026-04-17 13:36:00,20569.300000000065,20569.300000000065
2026-04-17 14:36:00,20569.300000000065,20569.300000000065
2026-04-17 15:36:00,20569.300000000065,20569.300000000065
2026-04-17 16:36:00,20569.300000000065,20569.300000000065
2026-04-17 17:36:00,20569.300000000065,20569.300000000065
2026-04-17 18:36:00,20569.300000000065,20569.300000000065
2026-04-17 19:36:00,20569.300000000065,20569.300000000065
2026-04-17 20:36:00,20569.300000000065,20569.300000000065
2026-04-17 21:36:00,20569.300000000065,20569.300000000065
2026-04-17 22:36:00,20569.300000000065,20569.300000000065
2026-04-17 23:36:00,20569.300000000065,20569.300000000065
2026-04-20 01:37:00,20569.300000000065,20569.300000000065
2026-04-20 02:37:00,20569.300000000065,20569.300000000065
2026-04-20 03:37:00,20569.300000000065,20569.300000000065
2026-04-20 04:37:00,20569.300000000065,20569.300000000065
2026-04-20 05:37:00,20569.300000000065,20569.300000000065
2026-04-20 06:37:00,20569.300000000065,20569.300000000065
2026-04-20 07:37:00,20568.320000000065,20572.380000000063
2026-04-20 08:37:00,20568.320000000065,20661.42000000006
2026-04-20 09:37:00,20656.660000000065,20735.200000000063
2026-04-20 10:37:00,20803.170000000067,20934.48000000007
2026-04-20 11:37:00,20802.070000000065,20860.170000000067
2026-04-20 12:37:00,20802.070000000065,20833.64000000007
2026-04-20 13:37:00,20802.070000000065,20907.21000000006
2026-04-20 14:37:00,20802.070000000065,20868.220000000063
2026-04-20 15:37:00,20833.41000000005,20833.41000000005
2026-04-20 16:37:00,20856.770000000037,20856.770000000037
2026-04-20 17:37:00,20856.770000000037,20856.770000000037
2026-04-20 18:37:00,20856.770000000037,20856.770000000037
2026-04-20 19:37:00,20856.770000000037,20856.770000000037
2026-04-20 20:37:00,20856.770000000037,20856.770000000037
2026-04-20 21:37:00,20855.440000000035,20864.560000000027
2026-04-20 22:37:00,20855.440000000035,20874.25000000003
2026-04-20 23:37:00,20855.440000000035,20805.470000000034
2026-04-21 01:38:00,20651.380000000037,20651.380000000037
2026-04-21 02:38:00,20651.380000000037,20651.380000000037
2026-04-21 03:38:00,20651.380000000037,20651.380000000037
2026-04-21 04:38:00,20651.380000000037,20651.380000000037
2026-04-21 05:38:00,20651.380000000037,20651.380000000037
2026-04-21 06:38:00,20651.380000000037,20651.380000000037
2026-04-21 07:38:00,20651.380000000037,20651.380000000037
2026-04-21 08:38:00,20651.380000000037,20651.380000000037
2026-04-21 09:38:00,20651.380000000037,20651.380000000037
2026-04-21 10:38:00,20651.380000000037,20651.380000000037
2026-04-21 11:38:00,20651.380000000037,20651.380000000037
2026-04-21 12:38:00,20651.380000000037,20651.380000000037
2026-04-21 13:38:00,20651.380000000037,20651.380000000037
2026-04-21 14:38:00,20651.380000000037,20651.380000000037
2026-04-21 15:38:00,20841.220000000045,20961.120000000043
2026-04-21 16:38:00,20840.22000000005,20840.22000000005
2026-04-21 17:38:00,20840.22000000005,20840.22000000005
2026-04-21 18:38:00,20839.31000000005,20890.140000000047
2026-04-21 19:38:00,20921.60000000005,21090.160000000047
2026-04-21 20:38:00,21031.340000000047,21181.500000000047
2026-04-21 21:38:00,21031.340000000047,21206.340000000047
2026-04-21 22:38:00,21031.340000000047,21210.580000000045
2026-04-21 23:38:00,21323.94000000005,21323.94000000005
2026-04-22 01:39:00,21323.94000000005,21323.94000000005
2026-04-22 02:39:00,21323.94000000005,21323.94000000005
2026-04-22 03:39:00,21323.94000000005,21323.94000000005
2026-04-22 04:39:00,21323.94000000005,21323.94000000005
2026-04-22 05:39:00,21323.94000000005,21323.94000000005
2026-04-22 06:39:00,21323.94000000005,21323.94000000005
2026-04-22 07:39:00,21323.94000000005,21323.94000000005
2026-04-22 08:39:00,21323.94000000005,21323.94000000005
2026-04-22 09:39:00,21323.94000000005,21323.94000000005
2026-04-22 10:39:00,21323.94000000005,21323.94000000005
2026-04-22 11:39:00,21323.94000000005,21323.94000000005
2026-04-22 12:39:00,21323.94000000005,21323.94000000005
2026-04-22 13:39:00,21323.94000000005,21323.94000000005
2026-04-22 14:39:00,21323.94000000005,21323.94000000005
2026-04-22 15:39:00,21323.94000000005,21323.94000000005
2026-04-22 16:39:00,21323.94000000005,21323.94000000005
2026-04-22 17:39:00,21323.94000000005,21323.94000000005
2026-04-22 18:39:00,21323.94000000005,21323.94000000005
2026-04-22 19:39:00,21323.94000000005,21323.94000000005
2026-04-22 20:39:00,21323.94000000005,21323.94000000005
2026-04-22 21:39:00,21323.94000000005,21323.94000000005
2026-04-22 22:39:00,21323.94000000005,21323.94000000005
2026-04-22 23:39:00,21323.94000000005,21323.94000000005
2026-04-23 01:40:00,21323.94000000005,21323.94000000005
2026-04-23 02:40:00,21323.94000000005,21323.94000000005
2026-04-23 03:40:00,21344.30000000005,21504.10000000005
2026-04-23 04:40:00,21344.30000000005,21441.15000000005
2026-04-23 05:40:00,21343.80000000005,21343.80000000005
2026-04-23 06:40:00,21343.80000000005,21343.80000000005
2026-04-23 07:40:00,21343.80000000005,21343.80000000005
2026-04-23 08:40:00,21343.80000000005,21343.80000000005
2026-04-23 09:40:00,21343.80000000005,21343.80000000005
2026-04-23 10:40:00,21343.80000000005,21343.80000000005
2026-04-23 11:40:00,21343.80000000005,21343.80000000005
2026-04-23 12:40:00,21343.80000000005,21343.80000000005
2026-04-23 13:40:00,21343.80000000005,21343.80000000005
2026-04-23 14:40:00,21343.80000000005,21343.80000000005
2026-04-23 15:40:00,21123.63000000008,21123.63000000008
2026-04-23 16:40:00,21123.63000000008,21123.63000000008
2026-04-23 17:40:00,21146.010000000082,21146.010000000082
2026-04-23 18:40:00,21146.010000000082,21146.010000000082
2026-04-23 19:40:00,21146.010000000082,21146.010000000082
2026-04-23 20:40:00,21146.010000000082,21146.010000000082
2026-04-23 21:40:00,21146.010000000082,21146.010000000082
2026-04-23 22:40:00,21146.010000000082,21146.010000000082
2026-04-23 23:40:00,21146.010000000082,21146.010000000082
2026-04-24 01:41:00,21146.010000000082,21146.010000000082
2026-04-24 02:41:00,21146.010000000082,21146.010000000082
2026-04-24 03:41:00,21146.010000000082,21146.010000000082
2026-04-24 04:41:00,21146.010000000082,21146.010000000082
2026-04-24 05:41:00,21146.010000000082,21146.010000000082
2026-04-24 06:41:00,21146.010000000082,21146.010000000082
2026-04-24 07:41:00,21146.010000000082,21146.010000000082
2026-04-24 08:41:00,21146.010000000082,21146.010000000082
2026-04-24 09:41:00,21146.010000000082,21146.010000000082
2026-04-24 10:41:00,21146.010000000082,21146.010000000082
2026-04-24 11:41:00,21146.010000000082,21146.010000000082
2026-04-24 12:41:00,21146.010000000082,21146.010000000082
2026-04-24 13:41:00,21146.010000000082,21146.010000000082
2026-04-24 14:41:00,21146.010000000082,21146.010000000082
2026-04-24 15:41:00,21146.010000000082,21146.010000000082
2026-04-24 16:41:00,21172.160000000076,21172.160000000076
2026-04-24 17:41:00,21172.160000000076,21172.160000000076
2026-04-24 18:41:00,21172.160000000076,21172.160000000076
2026-04-24 19:41:00,21172.160000000076,21172.160000000076
2026-04-24 20:41:00,21172.160000000076,21172.160000000076
2026-04-24 21:41:00,21172.160000000076,21172.160000000076
2026-04-24 22:41:00,21172.160000000076,21172.160000000076
2026-04-24 23:41:00,21172.160000000076,21172.160000000076
2026-04-27 01:42:00,20943.40000000009,20943.40000000009
2026-04-27 02:42:00,20943.40000000009,20943.40000000009
2026-04-27 03:42:00,20943.40000000009,20943.40000000009
2026-04-27 04:42:00,20539.040000000095,20539.040000000095
2026-04-27 05:42:00,20539.040000000095,20539.040000000095
2026-04-27 06:42:00,20539.040000000095,20539.040000000095
2026-04-27 07:42:00,20539.040000000095,20539.040000000095
2026-04-27 08:42:00,20539.040000000095,20539.040000000095
2026-04-27 09:42:00,20539.040000000095,20539.040000000095
2026-04-27 10:42:00,20539.040000000095,20539.040000000095
2026-04-27 11:42:00,20539.040000000095,20539.040000000095
2026-04-27 12:42:00,20539.040000000095,20539.040000000095
2026-04-27 13:42:00,20539.040000000095,20539.040000000095
2026-04-27 14:42:00,20539.040000000095,20539.040000000095
2026-04-27 15:42:00,20539.040000000095,20539.040000000095
2026-04-27 16:42:00,20539.040000000095,20539.040000000095
2026-04-27 17:42:00,20539.040000000095,20539.040000000095
2026-04-27 18:42:00,20539.040000000095,20539.040000000095
2026-04-27 19:42:00,20539.040000000095,20539.040000000095
2026-04-27 20:42:00,20539.040000000095,20539.040000000095
2026-04-27 21:42:00,20539.040000000095,20539.040000000095
2026-04-27 22:42:00,20539.040000000095,20539.040000000095
2026-04-27 23:42:00,20539.040000000095,20539.040000000095
2026-04-28 01:43:00,20539.040000000095,20539.040000000095
2026-04-28 02:43:00,20539.040000000095,20539.040000000095
2026-04-28 03:43:00,20539.040000000095,20539.040000000095
2026-04-28 04:43:00,20539.040000000095,20539.040000000095
2026-04-28 05:43:00,20539.040000000095,20539.040000000095
2026-04-28 06:43:00,20539.040000000095,20539.040000000095
2026-04-28 07:43:00,20539.040000000095,20539.040000000095
2026-04-28 08:43:00,20539.040000000095,20539.040000000095
2026-04-28 09:43:00,20539.040000000095,20539.040000000095
2026-04-28 10:43:00,20539.040000000095,20539.040000000095
2026-04-28 11:43:00,20539.040000000095,20539.040000000095
2026-04-28 12:43:00,20539.040000000095,20539.040000000095
2026-04-28 13:43:00,20539.040000000095,20539.040000000095
2026-04-28 14:43:00,20539.040000000095,20539.040000000095
2026-04-28 15:43:00,20539.040000000095,20539.040000000095
2026-04-28 16:43:00,20539.040000000095,20539.040000000095
2026-04-28 17:43:00,20750.540000000103,20836.100000000104
2026-04-28 18:43:00,20749.940000000104,20749.940000000104
2026-04-28 19:43:00,20749.940000000104,20749.940000000104
2026-04-28 20:43:00,20749.940000000104,20749.940000000104
2026-04-28 21:43:00,20749.940000000104,20749.940000000104
2026-04-28 22:43:00,20749.940000000104,20749.940000000104
2026-04-28 23:43:00,20749.940000000104,20749.940000000104
2026-04-29 01:44:00,20749.940000000104,20749.940000000104
2026-04-29 02:44:00,20749.940000000104,20749.940000000104
2026-04-29 03:44:00,20749.940000000104,20749.940000000104
2026-04-29 04:44:00,20749.940000000104,20749.940000000104
2026-04-29 05:44:00,20749.940000000104,20749.940000000104
2026-04-29 06:44:00,20749.940000000104,20749.940000000104
2026-04-29 07:44:00,20749.940000000104,20749.940000000104
2026-04-29 08:44:00,20749.940000000104,20749.940000000104
2026-04-29 09:44:00,20772.95000000009,20772.95000000009
2026-04-29 10:44:00,20772.95000000009,20772.95000000009
2026-04-29 11:44:00,20772.95000000009,20772.95000000009
2026-04-29 12:44:00,20562.1100000001,20562.1100000001
2026-04-29 13:44:00,20586.7400000001,20703.710000000112
2026-04-29 14:44:00,20584.64000000011,20584.64000000011
2026-04-29 15:44:00,20584.64000000011,20584.64000000011
2026-04-29 16:44:00,20584.64000000011,20584.64000000011
2026-04-29 17:44:00,20584.64000000011,20584.64000000011
2026-04-29 18:44:00,20584.64000000011,20584.64000000011
2026-04-29 19:44:00,20584.64000000011,20584.64000000011
2026-04-29 20:44:00,20584.64000000011,20584.64000000011
2026-04-29 21:44:00,20584.64000000011,20584.64000000011
2026-04-29 22:44:00,20584.64000000011,20584.64000000011
2026-04-29 23:44:00,20584.64000000011,20584.64000000011
2026-04-30 01:45:00,20584.64000000011,20584.64000000011
2026-04-30 02:45:00,20584.64000000011,20584.64000000011
2026-04-30 03:45:00,20584.64000000011,20584.64000000011
2026-04-30 04:45:00,20584.64000000011,20584.64000000011
2026-04-30 05:45:00,20584.64000000011,20584.64000000011
2026-04-30 06:45:00,20584.64000000011,20584.64000000011
2026-04-30 07:45:00,20584.64000000011,20584.64000000011
2026-04-30 08:45:00,20584.64000000011,20584.64000000011
2026-04-30 09:45:00,20584.64000000011,20584.64000000011
2026-04-30 10:45:00,20584.64000000011,20584.64000000011
2026-04-30 11:45:00,20584.64000000011,20584.64000000011
2026-04-30 12:45:00,20584.64000000011,20584.64000000011
2026-04-30 13:45:00,20584.64000000011,20584.64000000011
2026-04-30 14:45:00,20584.64000000011,20584.64000000011
2026-04-30 15:45:00,20584.64000000011,20584.64000000011
2026-04-30 16:45:00,20584.64000000011,20584.64000000011
2026-04-30 17:45:00,20584.64000000011,20584.64000000011
2026-04-30 18:45:00,20584.64000000011,20584.64000000011
2026-04-30 19:45:00,20584.64000000011,20584.64000000011
2026-04-30 20:45:00,20584.64000000011,20584.64000000011
2026-04-30 21:45:00,20584.64000000011,20584.64000000011
2026-04-30 22:45:00,20584.64000000011,20584.64000000011
2026-04-30 23:45:00,20584.64000000011,20584.64000000011
2026-05-01 01:46:00,20584.64000000011,20584.64000000011
2026-05-01 02:46:00,20584.64000000011,20584.64000000011
2026-05-01 03:46:00,20584.64000000011,20584.64000000011
2026-05-01 04:46:00,20584.64000000011,20584.64000000011
2026-05-01 05:46:00,20584.64000000011,20584.64000000011
2026-05-01 06:46:00,20584.64000000011,20584.64000000011
2026-05-01 07:46:00,20584.64000000011,20584.64000000011
2026-05-01 08:46:00,20584.64000000011,20584.64000000011
2026-05-01 09:46:00,20584.64000000011,20584.64000000011
2026-05-01 10:46:00,20584.64000000011,20584.64000000011
2026-05-01 11:46:00,20584.64000000011,20584.64000000011
2026-05-01 12:46:00,20584.64000000011,20584.64000000011
2026-05-01 13:46:00,20584.64000000011,20584.64000000011
2026-05-01 14:46:00,20584.64000000011,20584.64000000011
2026-05-01 15:46:00,20584.64000000011,20584.64000000011
2026-05-01 16:46:00,20584.64000000011,20584.64000000011
2026-05-01 17:46:00,20584.64000000011,20584.64000000011
2026-05-01 18:46:00,20584.64000000011,20584.64000000011
2026-05-01 19:46:00,20584.64000000011,20584.64000000011
2026-05-01 20:46:00,20584.64000000011,20584.64000000011
2026-05-01 21:46:00,20610.540000000095,20610.540000000095
2026-05-01 22:46:00,20610.540000000095,20610.540000000095
2026-05-01 23:46:00,20610.540000000095,20610.540000000095
2026-05-04 01:47:00,20610.540000000095,20610.540000000095
2026-05-04 02:47:00,20610.540000000095,20610.540000000095
2026-05-04 03:47:00,20610.540000000095,20610.540000000095
2026-05-04 04:47:00,20610.540000000095,20610.540000000095
2026-05-04 05:47:00,20610.540000000095,20610.540000000095
2026-05-04 06:47:00,20610.540000000095,20610.540000000095
2026-05-04 07:47:00,20610.540000000095,20610.540000000095
2026-05-04 08:47:00,20610.540000000095,20610.540000000095
2026-05-04 09:47:00,20610.540000000095,20610.540000000095
2026-05-04 10:47:00,20610.540000000095,20610.540000000095
2026-05-04 11:47:00,20610.540000000095,20610.540000000095
2026-05-04 12:47:00,20610.540000000095,20610.540000000095
2026-05-04 13:47:00,20610.540000000095,20610.540000000095
2026-05-04 14:47:00,20610.540000000095,20610.540000000095
2026-05-04 15:47:00,20610.540000000095,20610.540000000095
2026-05-04 16:47:00,20610.540000000095,20610.540000000095
2026-05-04 17:47:00,20610.540000000095,20610.540000000095
2026-05-04 18:47:00,20610.540000000095,20610.540000000095
2026-05-04 19:47:00,20610.540000000095,20610.540000000095
2026-05-04 20:47:00,20610.540000000095,20610.540000000095
2026-05-04 21:47:00,20610.540000000095,20610.540000000095
2026-05-04 22:47:00,20610.540000000095,20610.540000000095
2026-05-04 23:47:00,20610.540000000095,20610.540000000095
2026-05-05 01:48:00,20610.540000000095,20610.540000000095
2026-05-05 02:48:00,20610.540000000095,20610.540000000095
2026-05-05 03:48:00,20610.540000000095,20610.540000000095
2026-05-05 04:48:00,20610.540000000095,20610.540000000095
2026-05-05 05:48:00,20610.540000000095,20610.540000000095
2026-05-05 06:48:00,20610.540000000095,20610.540000000095
2026-05-05 07:48:00,20610.540000000095,20610.540000000095
2026-05-05 08:48:00,20610.540000000095,20610.540000000095
2026-05-05 09:48:00,20610.540000000095,20610.540000000095
2026-05-05 10:48:00,20610.540000000095,20610.540000000095
2026-05-05 11:48:00,20610.540000000095,20610.540000000095
2026-05-05 12:48:00,20610.540000000095,20610.540000000095
2026-05-05 13:48:00,20610.540000000095,20610.540000000095
2026-05-05 14:48:00,20808.3300000001,21086.790000000103
2026-05-05 15:48:00,21106.550000000094,21106.550000000094
2026-05-05 16:48:00,21104.730000000094,21129.430000000088
2026-05-05 17:48:00,21190.45000000009,21190.45000000009
2026-05-05 18:48:00,21190.45000000009,21190.45000000009
2026-05-05 19:48:00,21190.45000000009,21190.45000000009
2026-05-05 20:48:00,21190.45000000009,21190.45000000009
2026-05-05 21:48:00,21190.45000000009,21190.45000000009
2026-05-05 22:48:00,21190.45000000009,21190.45000000009
2026-05-05 23:48:00,21190.45000000009,21190.45000000009
2026-05-06 01:49:00,21188.420000000093,21094.170000000093
2026-05-06 02:49:00,21672.510000000082,21672.510000000082
2026-05-06 03:49:00,21672.510000000082,21672.510000000082
2026-05-06 04:49:00,21672.510000000082,21672.510000000082
2026-05-06 05:49:00,21672.510000000082,21672.510000000082
2026-05-06 06:49:00,21672.510000000082,21672.510000000082
2026-05-06 07:49:00,21672.510000000082,21672.510000000082
2026-05-06 08:49:00,21672.510000000082,21672.510000000082
2026-05-06 09:49:00,21672.510000000082,21672.510000000082
2026-05-06 10:49:00,21672.510000000082,21672.510000000082
2026-05-06 11:49:00,21672.510000000082,21672.510000000082
2026-05-06 12:49:00,21672.510000000082,21672.510000000082
2026-05-06 13:49:00,21672.510000000082,21672.510000000082
2026-05-06 14:49:00,21672.510000000082,21672.510000000082
2026-05-06 15:49:00,21672.510000000082,21672.510000000082
2026-05-06 16:49:00,21672.510000000082,21672.510000000082
2026-05-06 17:49:00,21672.510000000082,21672.510000000082
2026-05-06 18:49:00,21672.510000000082,21672.510000000082
2026-05-06 19:49:00,21672.510000000082,21672.510000000082
2026-05-06 20:49:00,21672.510000000082,21672.510000000082
2026-05-06 21:49:00,21672.510000000082,21672.510000000082
2026-05-06 22:49:00,21672.510000000082,21672.510000000082
2026-05-06 23:49:00,21672.510000000082,21672.510000000082
2026-05-07 01:50:00,21672.510000000082,21672.510000000082
2026-05-07 02:50:00,21672.510000000082,21672.510000000082
2026-05-07 03:50:00,21672.510000000082,21672.510000000082
2026-05-07 04:50:00,21672.510000000082,21672.510000000082
2026-05-07 05:50:00,21672.510000000082,21672.510000000082
2026-05-07 06:50:00,21672.510000000082,21672.510000000082
2026-05-07 07:50:00,21672.510000000082,21672.510000000082
2026-05-07 08:50:00,21672.510000000082,21672.510000000082
2026-05-07 09:50:00,21672.510000000082,21672.510000000082
2026-05-07 10:50:00,21672.510000000082,21672.510000000082
2026-05-07 11:50:00,21672.510000000082,21672.510000000082
2026-05-07 12:50:00,21672.510000000082,21672.510000000082
2026-05-07 13:50:00,21672.510000000082,21672.510000000082
2026-05-07 14:50:00,21672.510000000082,21672.510000000082
2026-05-07 15:50:00,21672.510000000082,21672.510000000082
2026-05-07 16:50:00,21672.510000000082,21672.510000000082
2026-05-07 17:50:00,21672.510000000082,21672.510000000082
2026-05-07 18:50:00,21672.510000000082,21672.510000000082
2026-05-07 19:50:00,21672.510000000082,21672.510000000082
2026-05-07 20:50:00,21672.510000000082,21672.510000000082
2026-05-07 21:50:00,21672.510000000082,21672.510000000082
2026-05-07 22:50:00,21672.510000000082,21672.510000000082
2026-05-07 23:50:00,21672.510000000082,21672.510000000082
2026-05-08 01:51:00,21672.510000000082,21672.510000000082
2026-05-08 02:51:00,21672.510000000082,21672.510000000082
2026-05-08 03:51:00,21672.510000000082,21672.510000000082
2026-05-08 04:51:00,21672.510000000082,21672.510000000082
2026-05-08 05:51:00,21456.260000000082,21456.260000000082
2026-05-08 06:51:00,21456.260000000082,21456.260000000082
2026-05-08 07:51:00,21456.260000000082,21456.260000000082
2026-05-08 08:51:00,21456.260000000082,21456.260000000082
2026-05-08 09:51:00,21456.260000000082,21456.260000000082
2026-05-08 10:51:00,21456.260000000082,21456.260000000082
2026-05-08 11:51:00,21456.260000000082,21456.260000000082
2026-05-08 12:51:00,21456.260000000082,21456.260000000082
2026-05-08 13:51:00,21456.260000000082,21456.260000000082
2026-05-08 14:51:00,21456.260000000082,21456.260000000082
2026-05-08 15:51:00,21479.45000000007,21479.45000000007
2026-05-08 16:51:00,21479.45000000007,21479.45000000007
2026-05-08 17:51:00,21543.080000000067,21731.170000000067
2026-05-08 18:51:00,21543.080000000067,21780.87000000006
2026-05-08 19:51:00,21543.080000000067,21766.660000000065
2026-05-08 20:51:00,21543.080000000067,21715.630000000063
2026-05-08 21:51:00,21543.080000000067,21690.990000000067
2026-05-08 22:51:00,21543.080000000067,21679.160000000065
2026-05-08 23:51:00,21543.080000000067,21750.280000000064
2026-05-11 01:52:00,21667.71000000007,21935.010000000068
2026-05-11 02:52:00,21667.71000000007,21910.560000000067
2026-05-11 03:52:00,21667.71000000007,22009.21000000007
2026-05-11 04:52:00,21691.50000000007,22102.930000000062
2026-05-11 05:52:00,21741.18000000007,22199.960000000072
2026-05-11 06:52:00,21741.18000000007,22231.740000000063
2026-05-11 07:52:00,21741.18000000007,22324.000000000065
2026-05-11 08:52:00,22269.89000000007,22548.650000000067
2026-05-11 09:52:00,22269.89000000007,22403.330000000067
2026-05-11 10:52:00,22269.89000000007,22478.39000000007
2026-05-11 11:52:00,22269.89000000007,22453.310000000067
2026-05-11 12:52:00,22269.89000000007,22511.570000000072
2026-05-11 13:52:00,22269.89000000007,22470.830000000067
2026-05-11 14:52:00,22269.89000000007,22442.99000000007
2026-05-11 15:52:00,22269.89000000007,22319.690000000068
2026-05-11 16:52:00,22269.290000000074,22269.290000000074
2026-05-11 17:52:00,22269.290000000074,22269.290000000074
2026-05-11 18:52:00,22269.290000000074,22269.290000000074
2026-05-11 19:52:00,22267.890000000072,22334.290000000085
2026-05-11 20:52:00,22301.140000000076,22467.94000000009
2026-05-11 21:52:00,22367.640000000076,22514.54000000008
2026-05-11 22:52:00,22367.640000000076,22569.54000000008
2026-05-11 23:52:00,22367.640000000076,22584.54000000008
2026-05-12 01:53:00,22498.090000000077,22700.590000000077
2026-05-12 02:53:00,22763.990000000078,22763.990000000078
2026-05-12 03:53:00,22763.990000000078,22763.990000000078
2026-05-12 04:53:00,22763.990000000078,22763.990000000078
2026-05-12 05:53:00,22763.990000000078,22763.990000000078
2026-05-12 06:53:00,22763.990000000078,22763.990000000078
2026-05-12 07:53:00,22763.990000000078,22763.990000000078
2026-05-12 08:53:00,22763.990000000078,22763.990000000078
2026-05-12 09:53:00,22763.990000000078,22763.990000000078
2026-05-12 10:53:00,22763.990000000078,22763.990000000078
2026-05-12 11:53:00,22763.990000000078,22763.990000000078
2026-05-12 12:53:00,22763.990000000078,22763.990000000078
2026-05-12 13:53:00,22763.990000000078,22763.990000000078
2026-05-12 14:53:00,22763.990000000078,22763.990000000078
2026-05-12 15:53:00,22763.990000000078,22763.990000000078
2026-05-12 16:53:00,22763.990000000078,22763.990000000078
2026-05-12 17:53:00,22852.280000000093,22852.280000000093
2026-05-12 18:53:00,22852.280000000093,22852.280000000093
2026-05-12 19:53:00,22852.280000000093,22852.280000000093
2026-05-12 20:53:00,22852.280000000093,22852.280000000093
2026-05-12 21:53:00,22852.280000000093,22852.280000000093
2026-05-12 22:53:00,22852.280000000093,22852.280000000093
2026-05-12 23:53:00,22852.280000000093,22852.280000000093
2026-05-13 01:54:00,22852.280000000093,22852.280000000093
2026-05-13 02:54:00,22852.280000000093,22852.280000000093
2026-05-13 03:54:00,22852.280000000093,22852.280000000093
2026-05-13 04:54:00,22852.280000000093,22852.280000000093
2026-05-13 05:54:00,22852.280000000093,22852.280000000093
2026-05-13 06:54:00,22852.280000000093,22852.280000000093
2026-05-13 07:54:00,22852.280000000093,22852.280000000093
2026-05-13 08:54:00,22852.280000000093,22852.280000000093
2026-05-13 09:54:00,22852.280000000093,22852.280000000093
2026-05-13 10:54:00,22852.280000000093,22852.280000000093
2026-05-13 11:54:00,22852.280000000093,22852.280000000093
2026-05-13 12:54:00,22852.280000000093,22852.280000000093
2026-05-13 13:54:00,22852.280000000093,22852.280000000093
2026-05-13 14:54:00,22852.280000000093,22852.280000000093
2026-05-13 15:54:00,22852.280000000093,22852.280000000093
2026-05-13 16:54:00,22852.280000000093,22852.280000000093
2026-05-13 17:54:00,22852.280000000093,22852.280000000093
2026-05-13 18:54:00,22852.280000000093,22852.280000000093
2026-05-13 19:54:00,22852.280000000093,22852.280000000093
2026-05-13 20:54:00,22852.280000000093,22852.280000000093
2026-05-13 21:54:00,22852.280000000093,22852.280000000093
2026-05-13 22:54:00,22852.280000000093,22852.280000000093
2026-05-13 23:54:00,22852.280000000093,22852.280000000093
2026-05-14 01:55:00,22852.280000000093,22852.280000000093
2026-05-14 02:55:00,22852.280000000093,22852.280000000093
2026-05-14 03:55:00,22852.280000000093,22852.280000000093
2026-05-14 04:55:00,22852.280000000093,22852.280000000093
2026-05-14 05:55:00,22852.280000000093,22852.280000000093
2026-05-14 06:55:00,22852.280000000093,22852.280000000093
2026-05-14 07:55:00,22852.280000000093,22852.280000000093
2026-05-14 08:55:00,22852.280000000093,22852.280000000093
2026-05-14 09:55:00,22998.8900000001,23282.590000000077
2026-05-14 10:55:00,23237.73000000009,23465.180000000095
2026-05-14 11:55:00,23236.83000000009,23311.870000000083
2026-05-14 12:55:00,23235.230000000083,23235.230000000083
2026-05-14 13:55:00,23235.230000000083,23235.230000000083
2026-05-14 14:55:00,23235.230000000083,23235.230000000083
2026-05-14 15:55:00,23235.230000000083,23235.230000000083
2026-05-14 16:55:00,23235.230000000083,23235.230000000083
2026-05-14 17:55:00,23235.230000000083,23235.230000000083
2026-05-14 18:55:00,23235.230000000083,23235.230000000083
2026-05-14 19:55:00,23235.230000000083,23235.230000000083
2026-05-14 20:55:00,23235.230000000083,23235.230000000083
2026-05-14 21:55:00,23235.230000000083,23235.230000000083
2026-05-14 22:55:00,23235.230000000083,23235.230000000083
2026-05-14 23:55:00,23235.230000000083,23235.230000000083
2026-05-15 01:56:00,23235.230000000083,23235.230000000083
2026-05-15 02:56:00,23235.230000000083,23235.230000000083
2026-05-15 03:56:00,23235.230000000083,23235.230000000083
2026-05-15 04:56:00,23267.27000000008,23267.27000000008
2026-05-15 05:56:00,23267.27000000008,23267.27000000008
2026-05-15 06:56:00,23267.27000000008,23267.27000000008
2026-05-15 07:56:00,23267.27000000008,23267.27000000008
2026-05-15 08:56:00,23267.27000000008,23267.27000000008
2026-05-15 09:56:00,23267.27000000008,23267.27000000008
2026-05-15 10:56:00,23267.27000000008,23267.27000000008
2026-05-15 11:56:00,23267.27000000008,23267.27000000008
2026-05-15 12:56:00,23267.27000000008,23267.27000000008
2026-05-15 13:56:00,23267.27000000008,23267.27000000008
2026-05-15 14:56:00,23267.27000000008,23267.27000000008
2026-05-15 15:56:00,23267.27000000008,23267.27000000008
2026-05-15 16:56:00,23267.27000000008,23267.27000000008
2026-05-15 17:56:00,23267.27000000008,23267.27000000008
2026-05-15 18:56:00,23267.27000000008,23267.27000000008
2026-05-15 19:56:00,23267.27000000008,23267.27000000008
2026-05-15 20:56:00,23267.27000000008,23267.27000000008
2026-05-15 21:56:00,23267.27000000008,23267.27000000008
2026-05-15 22:56:00,23267.27000000008,23267.27000000008
2026-05-15 23:56:00,23267.27000000008,23267.27000000008
2026-05-18 01:57:00,23267.27000000008,23267.27000000008
2026-05-18 02:57:00,23267.27000000008,23267.27000000008
2026-05-18 03:57:00,23267.27000000008,23267.27000000008
2026-05-18 04:57:00,23267.27000000008,23267.27000000008
2026-05-18 05:57:00,23267.27000000008,23267.27000000008
2026-05-18 06:57:00,23267.27000000008,23267.27000000008
2026-05-18 07:57:00,23267.27000000008,23267.27000000008
2026-05-18 08:57:00,23267.27000000008,23267.27000000008
2026-05-18 09:57:00,23267.27000000008,23267.27000000008
2026-05-18 10:57:00,23267.27000000008,23267.27000000008
2026-05-18 11:57:00,23267.27000000008,23267.27000000008
2026-05-18 12:57:00,23267.27000000008,23267.27000000008
2026-05-18 13:57:00,23267.27000000008,23267.27000000008
2026-05-18 14:57:00,23267.27000000008,23267.27000000008
2026-05-18 15:57:00,23267.27000000008,23267.27000000008
2026-05-18 16:57:00,23267.27000000008,23267.27000000008
2026-05-18 17:57:00,23297.580000000067,23297.580000000067
2026-05-18 18:57:00,23297.580000000067,23297.580000000067
2026-05-18 19:57:00,23297.580000000067,23297.580000000067
2026-05-18 20:57:00,23297.580000000067,23297.580000000067
2026-05-18 21:57:00,23297.580000000067,23297.580000000067
2026-05-18 22:57:00,23383.810000000067,23421.430000000066
2026-05-18 23:57:00,23382.71000000006,23382.71000000006
2026-05-19 01:58:00,23382.71000000006,23382.71000000006
2026-05-19 02:58:00,23382.71000000006,23382.71000000006
2026-05-19 03:58:00,23382.71000000006,23382.71000000006
2026-05-19 04:58:00,23382.71000000006,23382.71000000006
2026-05-19 05:58:00,23382.71000000006,23382.71000000006
2026-05-19 06:58:00,23382.71000000006,23382.71000000006
2026-05-19 07:58:00,23382.71000000006,23382.71000000006
2026-05-19 08:58:00,23382.71000000006,23382.71000000006
2026-05-19 09:58:00,23382.71000000006,23382.71000000006
2026-05-19 10:58:00,23382.71000000006,23382.71000000006
2026-05-19 11:58:00,23382.71000000006,23382.71000000006
2026-05-19 12:58:00,23382.71000000006,23382.71000000006
2026-05-19 13:58:00,23382.71000000006,23382.71000000006
2026-05-19 14:58:00,23382.71000000006,23382.71000000006
2026-05-19 15:58:00,23382.71000000006,23382.71000000006
2026-05-19 16:58:00,23382.71000000006,23382.71000000006
2026-05-19 17:58:00,23382.71000000006,23382.71000000006
2026-05-19 18:58:00,23382.71000000006,23382.71000000006
2026-05-19 19:58:00,23382.71000000006,23382.71000000006
2026-05-19 20:58:00,23382.71000000006,23382.71000000006
2026-05-19 21:58:00,23382.71000000006,23382.71000000006
2026-05-19 22:58:00,23382.71000000006,23382.71000000006
2026-05-19 23:58:00,23382.71000000006,23382.71000000006
2026-05-20 01:59:00,23382.71000000006,23382.71000000006
2026-05-20 02:59:00,23382.71000000006,23382.71000000006
2026-05-20 03:59:00,23382.71000000006,23382.71000000006
2026-05-20 04:59:00,23382.71000000006,23382.71000000006
2026-05-20 05:59:00,23382.71000000006,23382.71000000006
2026-05-20 06:59:00,23382.71000000006,23382.71000000006
2026-05-20 07:59:00,23382.71000000006,23382.71000000006
2026-05-20 08:59:00,23382.71000000006,23382.71000000006
2026-05-20 09:59:00,23382.71000000006,23382.71000000006
2026-05-20 10:59:00,23382.71000000006,23382.71000000006
2026-05-20 11:59:00,23382.71000000006,23382.71000000006
2026-05-20 12:59:00,23382.71000000006,23382.71000000006
2026-05-20 13:59:00,23382.71000000006,23382.71000000006
2026-05-20 14:59:00,23382.71000000006,23382.71000000006
2026-05-20 15:59:00,23382.71000000006,23382.71000000006
2026-05-20 16:59:00,23382.71000000006,23382.71000000006
2026-05-20 17:59:00,23411.700000000048,23411.700000000048
2026-05-20 18:59:00,23411.700000000048,23411.700000000048
2026-05-20 19:59:00,23411.700000000048,23411.700000000048
2026-05-20 20:59:00,23411.700000000048,23411.700000000048
2026-05-20 21:59:00,23411.700000000048,23411.700000000048
2026-05-20 22:59:00,23411.700000000048,23411.700000000048
2026-05-21 01:00:00,23411.700000000048,23411.700000000048
2026-05-21 02:00:00,23411.700000000048,23411.700000000048
2026-05-21 03:00:00,23411.700000000048,23411.700000000048
2026-05-21 04:00:00,23411.700000000048,23411.700000000048
2026-05-21 05:00:00,23411.700000000048,23411.700000000048
2026-05-21 06:00:00,23411.700000000048,23411.700000000048
2026-05-21 07:00:00,23411.700000000048,23411.700000000048
2026-05-21 08:00:00,23411.700000000048,23411.700000000048
2026-05-21 09:00:00,23411.700000000048,23411.700000000048
2026-05-21 10:00:00,23411.700000000048,23411.700000000048
2026-05-21 11:00:00,23443.55000000005,23562.350000000064
2026-05-21 12:00:00,23646.62000000005,23783.90000000005
2026-05-21 13:00:00,23646.62000000005,23771.740000000053
2026-05-21 14:00:00,23645.820000000054,23645.820000000054
2026-05-21 15:00:00,23677.190000000053,23725.420000000053
2026-05-21 16:00:00,23675.89000000005,23675.89000000005
2026-05-21 17:00:00,23675.89000000005,23675.89000000005
2026-05-21 18:00:00,23675.89000000005,23675.89000000005
2026-05-21 19:00:00,23675.89000000005,23675.89000000005
2026-05-21 20:00:00,23675.89000000005,23675.89000000005
2026-05-21 21:00:00,23675.89000000005,23675.89000000005
2026-05-21 22:00:00,23674.42000000005,23681.98000000006
2026-05-21 23:00:00,23707.97000000005,23861.09000000006
2026-05-22 01:01:00,23699.97000000005,23901.570000000054
2026-05-22 02:01:00,23699.97000000005,23869.730000000058
2026-05-22 03:01:00,23698.37000000006,23698.37000000006
2026-05-22 04:01:00,23897.46000000007,24134.340000000066
2026-05-22 05:01:00,23893.860000000084,23893.860000000084
2026-05-22 06:01:00,23893.860000000084,23893.860000000084
2026-05-22 07:01:00,23893.860000000084,23893.860000000084
2026-05-22 08:01:00,23893.860000000084,23893.860000000084
2026-05-22 09:01:00,23893.860000000084,23893.860000000084
2026-05-22 10:01:00,23893.860000000084,23893.860000000084
2026-05-22 11:01:00,23893.860000000084,23893.860000000084
2026-05-22 12:01:00,23893.860000000084,23893.860000000084
2026-05-22 13:01:00,23893.860000000084,23893.860000000084
2026-05-22 14:01:00,23893.860000000084,23893.860000000084
2026-05-22 15:01:00,23893.860000000084,23893.860000000084
2026-05-22 16:01:00,23893.860000000084,23893.860000000084
2026-05-22 17:01:00,23893.860000000084,23893.860000000084
2026-05-22 18:01:00,23893.860000000084,23893.860000000084
2026-05-22 19:01:00,23893.860000000084,23893.860000000084
2026-05-22 20:01:00,23893.860000000084,23893.860000000084
2026-05-22 21:01:00,23893.860000000084,23893.860000000084
2026-05-22 22:01:00,23893.860000000084,23893.860000000084
2026-05-22 23:01:00,23893.860000000084,23893.860000000084
2026-05-25 01:02:00,23893.860000000084,23893.860000000084
2026-05-25 02:02:00,23893.860000000084,23893.860000000084
2026-05-25 03:02:00,23893.860000000084,23893.860000000084
2026-05-25 04:02:00,23893.860000000084,23893.860000000084
2026-05-25 05:02:00,23893.860000000084,23893.860000000084
2026-05-25 06:02:00,23893.860000000084,23893.860000000084
2026-05-25 07:02:00,23893.860000000084,23893.860000000084
2026-05-25 08:02:00,23893.860000000084,23893.860000000084
2026-05-25 09:02:00,23893.860000000084,23893.860000000084
2026-05-25 10:02:00,23893.860000000084,23893.860000000084
2026-05-25 11:02:00,23893.860000000084,23893.860000000084
2026-05-25 12:02:00,23893.860000000084,23893.860000000084
2026-05-25 13:02:00,23893.860000000084,23893.860000000084
2026-05-25 14:02:00,23893.860000000084,23893.860000000084
2026-05-25 15:02:00,23893.860000000084,23893.860000000084
2026-05-25 16:02:00,23893.860000000084,23893.860000000084
2026-05-25 17:02:00,23893.860000000084,23893.860000000084
2026-05-25 18:02:00,23893.860000000084,23893.860000000084
2026-05-25 19:02:00,23893.860000000084,23893.860000000084
2026-05-25 20:02:00,23893.860000000084,23893.860000000084
2026-05-25 21:02:00,23893.860000000084,23893.860000000084
2026-05-25 22:03:00,23893.860000000084,23893.860000000084
2026-05-26 01:54:00,23893.860000000084,23893.860000000084
2026-05-26 02:54:00,23893.860000000084,23893.860000000084
2026-05-26 03:54:00,23893.440000000086,23853.780000000086
2026-05-26 04:54:00,23893.440000000086,23811.000000000087
2026-05-26 05:54:00,23893.440000000086,23794.440000000086
2026-05-26 06:54:00,23893.440000000086,23856.30000000009
2026-05-26 07:54:00,23893.440000000086,23766.420000000086
2026-05-26 08:54:00,23893.440000000086,23762.04000000009
2026-05-26 09:54:00,23893.440000000086,23789.160000000084
2026-05-26 10:54:00,23893.440000000086,23790.240000000085
2026-05-26 11:54:00,23893.440000000086,23745.600000000086
2026-05-26 12:54:00,23893.440000000086,23714.640000000087
2026-05-26 13:54:00,23893.440000000086,23808.54000000009
2026-05-26 14:54:00,23412.8700000001,23412.8700000001
2026-05-26 15:54:00,23412.8700000001,23412.8700000001
2026-05-26 16:54:00,23412.8700000001,23412.8700000001
2026-05-26 17:54:00,23444.07000000009,23444.07000000009
2026-05-26 18:54:00,23444.07000000009,23444.07000000009
2026-05-26 19:54:00,23444.07000000009,23444.07000000009
2026-05-26 20:54:00,23444.07000000009,23444.07000000009
2026-05-26 21:54:00,23444.07000000009,23444.07000000009
2026-05-26 22:54:00,23444.07000000009,23444.07000000009
2026-05-26 23:54:00,23444.07000000009,23444.07000000009
2026-05-27 01:55:00,23444.07000000009,23444.07000000009
2026-05-27 02:55:00,23444.07000000009,23444.07000000009
2026-05-27 03:55:00,23444.07000000009,23444.07000000009
2026-05-27 04:55:00,23444.07000000009,23444.07000000009
2026-05-27 05:55:00,23444.07000000009,23444.07000000009
2026-05-27 06:55:00,23444.07000000009,23444.07000000009
2026-05-27 07:55:00,23444.07000000009,23444.07000000009
2026-05-27 08:55:00,23444.07000000009,23444.07000000009
2026-05-27 09:55:00,23444.07000000009,23444.07000000009
2026-05-27 10:55:00,23444.07000000009,23444.07000000009
2026-05-27 11:55:00,23444.07000000009,23444.07000000009
2026-05-27 12:55:00,23444.07000000009,23444.07000000009
2026-05-27 13:55:00,23444.07000000009,23444.07000000009
2026-05-27 14:55:00,23444.07000000009,23444.07000000009
2026-05-27 15:55:00,23444.07000000009,23444.07000000009
2026-05-27 16:55:00,23444.07000000009,23444.07000000009
2026-05-27 17:55:00,23444.07000000009,23444.07000000009
2026-05-27 18:55:00,23444.07000000009,23444.07000000009
2026-05-27 19:55:00,23444.07000000009,23444.07000000009
2026-05-27 20:55:00,23444.07000000009,23444.07000000009
2026-05-27 21:55:00,23444.07000000009,23444.07000000009
2026-05-27 22:55:00,23444.07000000009,23444.07000000009
2026-05-27 23:55:00,23444.07000000009,23444.07000000009
2026-05-28 01:56:00,23444.07000000009,23444.07000000009
2026-05-28 02:56:00,23444.07000000009,23444.07000000009
2026-05-28 03:56:00,23444.07000000009,23444.07000000009
2026-05-28 04:56:00,23444.07000000009,23444.07000000009
2026-05-28 05:56:00,23444.07000000009,23444.07000000009
2026-05-28 06:56:00,23444.07000000009,23444.07000000009
2026-05-28 07:56:00,23444.07000000009,23444.07000000009
2026-05-28 08:56:00,23444.07000000009,23444.07000000009
2026-05-28 09:56:00,23444.07000000009,23444.07000000009
2026-05-28 10:56:00,23444.07000000009,23444.07000000009
2026-05-28 11:56:00,23444.07000000009,23444.07000000009
2026-05-28 12:56:00,23444.07000000009,23444.07000000009
2026-05-28 13:56:00,23444.07000000009,23444.07000000009
2026-05-28 14:56:00,23444.07000000009,23444.07000000009
2026-05-28 15:56:00,23444.07000000009,23444.07000000009
2026-05-28 16:56:00,23536.680000000088,23617.80000000009
2026-05-28 17:56:00,23786.490000000093,23786.490000000093
2026-05-28 18:56:00,23786.490000000093,23786.490000000093
2026-05-28 19:56:00,23786.490000000093,23786.490000000093
2026-05-28 20:56:00,23786.490000000093,23786.490000000093
2026-05-28 21:56:00,23786.490000000093,23786.490000000093
2026-05-28 22:56:00,23786.490000000093,23786.490000000093
2026-05-28 23:56:00,23785.09000000009,23748.890000000083
2026-05-29 01:57:00,23773.20000000009,23661.550000000065
2026-05-29 02:57:00,23773.20000000009,23726.41000000007
2026-05-29 03:57:00,23802.72000000008,23739.32000000008
2026-05-29 04:57:00,23907.72000000008,23991.520000000073
2026-05-29 05:57:00,24006.28000000009,24164.420000000093
2026-05-29 06:57:00,24003.080000000096,24003.080000000096
2026-05-29 07:57:00,24003.080000000096,24003.080000000096
2026-05-29 08:57:00,24003.080000000096,24003.080000000096
2026-05-29 09:57:00,24003.080000000096,24003.080000000096
2026-05-29 10:57:00,24003.080000000096,24003.080000000096
2026-05-29 11:57:00,23764.690000000097,23764.690000000097
2026-05-29 12:57:00,23764.690000000097,23764.690000000097
2026-05-29 13:57:00,23764.690000000097,23764.690000000097
2026-05-29 14:57:00,23764.690000000097,23764.690000000097
2026-05-29 15:57:00,23764.690000000097,23764.690000000097
2026-05-29 16:57:00,23764.690000000097,23764.690000000097
2026-05-29 17:57:00,23764.690000000097,23764.690000000097
2026-05-29 18:57:00,23764.690000000097,23764.690000000097
2026-05-29 19:57:00,23764.690000000097,23764.690000000097
2026-05-29 20:57:00,23763.570000000098,23717.970000000107
2026-05-29 21:57:00,23763.570000000098,23754.2900000001
2026-05-29 22:57:00,23763.570000000098,23582.9300000001
2026-05-29 23:57:00,23527.090000000102,23527.090000000102
2026-06-01 01:58:00,23527.090000000102,23527.090000000102
2026-06-01 02:58:00,23527.090000000102,23527.090000000102
2026-06-01 03:58:00,23527.090000000102,23527.090000000102
2026-06-01 04:58:00,23527.090000000102,23527.090000000102
2026-06-01 05:58:00,23527.090000000102,23527.090000000102
2026-06-01 06:58:00,23527.090000000102,23527.090000000102
2026-06-01 07:58:00,23527.090000000102,23527.090000000102
2026-06-01 08:58:00,23527.090000000102,23527.090000000102
2026-06-01 09:58:00,23527.090000000102,23527.090000000102
2026-06-01 10:58:00,23527.090000000102,23527.090000000102
2026-06-01 11:58:00,23527.090000000102,23527.090000000102
2026-06-01 12:58:00,23527.090000000102,23527.090000000102
2026-06-01 13:58:00,23527.090000000102,23527.090000000102
2026-06-01 14:58:00,23527.090000000102,23527.090000000102
2026-06-01 15:58:00,23527.090000000102,23527.090000000102
2026-06-01 16:58:00,23526.5300000001,23383.970000000103
2026-06-01 17:58:00,23526.5300000001,23430.690000000097
2026-06-01 18:58:00,23526.5300000001,23565.970000000103
2026-06-01 19:58:00,23526.5300000001,23610.8500000001
2026-06-01 20:58:00,23561.7700000001,23675.710000000097
2026-06-01 21:58:00,23561.7700000001,23672.3500000001
2026-06-01 22:58:00,23561.7700000001,23632.510000000097
2026-06-01 23:58:00,23561.7700000001,23657.8300000001
2026-06-02 01:59:00,23558.7700000001,23660.230000000098
2026-06-02 02:59:00,23558.7700000001,23653.090000000102
2026-06-02 03:59:00,23558.7700000001,23635.990000000096
2026-06-02 04:59:00,23558.170000000096,23558.170000000096
2026-06-02 05:59:00,23558.170000000096,23558.170000000096
2026-06-02 06:59:00,23558.170000000096,23558.170000000096
2026-06-02 07:59:00,23558.170000000096,23558.170000000096
2026-06-02 08:59:00,23558.170000000096,23558.170000000096
2026-06-02 09:59:00,23558.170000000096,23558.170000000096
2026-06-02 10:59:00,23558.170000000096,23558.170000000096
2026-06-02 11:59:00,23558.170000000096,23558.170000000096
2026-06-02 12:59:00,23558.170000000096,23558.170000000096
2026-06-02 13:59:00,23558.170000000096,23558.170000000096
2026-06-02 14:59:00,23558.170000000096,23558.170000000096
2026-06-02 15:59:00,23557.190000000097,23549.490000000096
2026-06-02 16:59:00,23584.410000000098,23584.410000000098
2026-06-02 17:59:00,23584.410000000098,23584.410000000098
2026-06-02 18:59:00,23584.410000000098,23584.410000000098
2026-06-02 19:59:00,23584.410000000098,23584.410000000098
2026-06-02 20:59:00,23584.410000000098,23584.410000000098
2026-06-02 21:59:00,23584.410000000098,23584.410000000098
2026-06-02 22:59:00,23584.410000000098,23584.410000000098
2026-06-03 01:00:00,23584.410000000098,23584.410000000098
2026-06-03 02:00:00,23584.410000000098,23584.410000000098
2026-06-03 03:00:00,23584.410000000098,23584.410000000098
2026-06-03 04:00:00,23584.410000000098,23584.410000000098
2026-06-03 05:00:00,23584.410000000098,23584.410000000098
2026-06-03 06:00:00,23584.410000000098,23584.410000000098
2026-06-03 07:00:00,23584.410000000098,23584.410000000098
2026-06-03 08:00:00,23584.410000000098,23584.410000000098
2026-06-03 09:00:00,23584.410000000098,23584.410000000098
2026-06-03 10:00:00,23584.410000000098,23584.410000000098
2026-06-03 11:00:00,23584.410000000098,23584.410000000098
2026-06-03 12:00:00,23584.410000000098,23584.410000000098
2026-06-03 13:00:00,23584.410000000098,23584.410000000098
2026-06-03 14:00:00,23584.410000000098,23584.410000000098
2026-06-03 15:00:00,23584.410000000098,23584.410000000098
2026-06-03 16:00:00,23584.410000000098,23584.410000000098
2026-06-03 17:00:00,23584.410000000098,23584.410000000098
2026-06-03 18:00:00,23584.410000000098,23584.410000000098
2026-06-03 19:00:00,23584.410000000098,23584.410000000098
2026-06-03 20:00:00,23584.410000000098,23584.410000000098
2026-06-03 21:00:00,23584.410000000098,23584.410000000098
2026-06-03 22:00:00,23584.410000000098,23584.410000000098
2026-06-03 23:00:00,23584.410000000098,23584.410000000098
2026-06-04 01:01:00,23584.410000000098,23584.410000000098
2026-06-04 02:01:00,23584.410000000098,23584.410000000098
2026-06-04 03:01:00,23584.410000000098,23584.410000000098
2026-06-04 04:01:00,23584.410000000098,23584.410000000098
2026-06-04 05:01:00,23584.410000000098,23584.410000000098
2026-06-04 06:01:00,23584.410000000098,23584.410000000098
2026-06-04 07:01:00,23584.410000000098,23584.410000000098
2026-06-04 08:01:00,23584.410000000098,23584.410000000098
2026-06-04 09:01:00,23584.410000000098,23584.410000000098
2026-06-04 10:01:00,23584.410000000098,23584.410000000098
2026-06-04 11:01:00,23584.410000000098,23584.410000000098
2026-06-04 12:01:00,23584.410000000098,23584.410000000098
2026-06-04 13:01:00,23584.410000000098,23584.410000000098
2026-06-04 14:01:00,23584.410000000098,23584.410000000098
2026-06-04 15:01:00,23584.410000000098,23584.410000000098
2026-06-04 16:01:00,23584.410000000098,23584.410000000098
2026-06-04 17:01:00,23584.410000000098,23584.410000000098
2026-06-04 18:01:00,23349.51000000009,23349.51000000009
2026-06-04 19:01:00,23349.51000000009,23349.51000000009
2026-06-04 20:01:00,23349.51000000009,23349.51000000009
2026-06-04 21:01:00,23349.51000000009,23349.51000000009
2026-06-04 22:01:00,23349.51000000009,23349.51000000009
2026-06-04 23:01:00,23349.51000000009,23349.51000000009
2026-06-05 01:02:00,23349.51000000009,23349.51000000009
2026-06-05 02:02:00,23349.51000000009,23349.51000000009
2026-06-05 03:02:00,23349.51000000009,23349.51000000009
2026-06-05 04:02:00,23349.51000000009,23349.51000000009
2026-06-05 05:02:00,23349.51000000009,23349.51000000009
2026-06-05 06:02:00,23349.51000000009,23349.51000000009
2026-06-05 07:02:00,23349.51000000009,23349.51000000009
2026-06-05 08:02:00,23349.51000000009,23349.51000000009
2026-06-05 09:02:00,23349.51000000009,23349.51000000009
2026-06-05 10:02:00,23591.190000000086,23727.670000000082
2026-06-05 11:02:00,23591.190000000086,23804.710000000083
2026-06-05 12:02:00,23591.190000000086,23817.270000000088
2026-06-05 13:02:00,23591.190000000086,23821.99000000009
2026-06-05 14:02:00,23591.190000000086,23825.590000000087
2026-06-05 15:02:00,23869.99000000009,23869.99000000009
2026-06-05 16:02:00,23628.700000000095,23586.9400000001
2026-06-05 17:02:00,23406.380000000092,23406.380000000092
2026-06-05 18:02:00,23406.380000000092,23406.380000000092
2026-06-05 19:02:00,23406.380000000092,23406.380000000092
2026-06-05 20:02:00,23406.380000000092,23406.380000000092
2026-06-05 21:02:00,23406.380000000092,23406.380000000092
2026-06-05 22:02:00,23406.380000000092,23406.380000000092
2026-06-05 23:02:00,23406.380000000092,23406.380000000092
2026-06-08 01:03:00,23406.380000000092,23406.380000000092
2026-06-08 02:03:00,23406.380000000092,23406.380000000092
2026-06-08 03:03:00,23406.380000000092,23406.380000000092
2026-06-08 04:03:00,23406.380000000092,23406.380000000092
2026-06-08 05:03:00,23406.380000000092,23406.380000000092
2026-06-08 06:03:00,23406.380000000092,23406.380000000092
2026-06-08 07:03:00,23406.380000000092,23406.380000000092
2026-06-08 08:03:00,23406.380000000092,23406.380000000092
2026-06-08 09:03:00,23406.380000000092,23406.380000000092
2026-06-08 10:03:00,23406.380000000092,23406.380000000092
2026-06-08 11:03:00,23406.380000000092,23406.380000000092
2026-06-08 12:03:00,23406.380000000092,23406.380000000092
2026-06-08 13:03:00,23406.380000000092,23406.380000000092
2026-06-08 14:03:00,23406.380000000092,23406.380000000092
2026-06-08 15:03:00,23406.380000000092,23406.380000000092
2026-06-08 16:03:00,23406.380000000092,23406.380000000092
2026-06-08 17:03:00,23406.380000000092,23406.380000000092
2026-06-08 18:03:00,23405.400000000092,23295.360000000084
2026-06-08 19:03:00,23171.600000000097,23171.600000000097
2026-06-08 20:03:00,23171.600000000097,23171.600000000097
2026-06-08 21:03:00,23171.600000000097,23171.600000000097
2026-06-08 22:03:00,23171.600000000097,23171.600000000097
2026-06-08 23:03:00,23171.600000000097,23171.600000000097
2026-06-09 01:04:00,23171.600000000097,23171.600000000097
2026-06-09 02:04:00,23171.600000000097,23171.600000000097
2026-06-09 03:04:00,23171.600000000097,23171.600000000097
2026-06-09 04:04:00,23171.600000000097,23171.600000000097
2026-06-09 05:04:00,23171.600000000097,23171.600000000097
2026-06-09 06:04:00,23171.600000000097,23171.600000000097
2026-06-09 07:04:00,23171.600000000097,23171.600000000097
2026-06-09 08:04:00,23171.600000000097,23171.600000000097
2026-06-09 09:04:00,23171.600000000097,23171.600000000097
2026-06-09 10:04:00,23171.600000000097,23171.600000000097
2026-06-09 11:04:00,23171.600000000097,23171.600000000097
2026-06-09 12:04:00,23171.600000000097,23171.600000000097
2026-06-09 13:04:00,23171.600000000097,23171.600000000097
2026-06-09 14:04:00,23171.600000000097,23171.600000000097
2026-06-09 15:04:00,23171.600000000097,23171.600000000097
2026-06-09 16:04:00,23171.600000000097,23171.600000000097
2026-06-09 17:04:00,23171.600000000097,23171.600000000097
2026-06-09 18:04:00,23171.600000000097,23171.600000000097
2026-06-09 19:04:00,23171.600000000097,23171.600000000097
2026-06-09 20:04:00,23171.600000000097,23171.600000000097
2026-06-09 21:04:00,23171.600000000097,23171.600000000097
2026-06-09 22:04:00,23171.600000000097,23171.600000000097
2026-06-09 23:04:00,23171.600000000097,23171.600000000097
2026-06-10 01:05:00,23171.600000000097,23171.600000000097
2026-06-10 02:05:00,23171.600000000097,23171.600000000097
2026-06-10 03:05:00,23171.600000000097,23171.600000000097
2026-06-10 04:05:00,23171.600000000097,23171.600000000097
2026-06-10 05:05:00,23171.600000000097,23171.600000000097
2026-06-10 06:05:00,23171.600000000097,23171.600000000097
2026-06-10 07:05:00,23171.600000000097,23171.600000000097
2026-06-10 08:05:00,23171.600000000097,23171.600000000097
2026-06-10 09:05:00,23171.600000000097,23171.600000000097
2026-06-10 10:05:00,23171.600000000097,23171.600000000097
2026-06-10 11:05:00,23171.600000000097,23171.600000000097
2026-06-10 12:05:00,23171.600000000097,23171.600000000097
2026-06-10 13:05:00,23171.600000000097,23171.600000000097
2026-06-10 14:05:00,23171.600000000097,23171.600000000097
2026-06-10 15:05:00,23171.600000000097,23171.600000000097
2026-06-10 16:05:00,23171.600000000097,23171.600000000097
2026-06-10 17:05:00,23171.600000000097,23171.600000000097
2026-06-10 18:05:00,23171.600000000097,23171.600000000097
2026-06-10 19:05:00,23171.600000000097,23171.600000000097
2026-06-10 20:05:00,23171.600000000097,23171.600000000097
2026-06-10 21:05:00,23171.600000000097,23171.600000000097
2026-06-10 22:05:00,23171.600000000097,23171.600000000097
2026-06-10 23:05:00,23171.600000000097,23171.600000000097
2026-06-11 01:06:00,23171.600000000097,23171.600000000097
2026-06-11 02:06:00,23171.600000000097,23171.600000000097
2026-06-11 03:06:00,23171.600000000097,23171.600000000097
2026-06-11 04:06:00,23171.600000000097,23171.600000000097
2026-06-11 05:06:00,23171.600000000097,23171.600000000097
2026-06-11 06:06:00,23171.600000000097,23171.600000000097
2026-06-11 07:06:00,23171.600000000097,23171.600000000097
2026-06-11 08:06:00,23171.600000000097,23171.600000000097
2026-06-11 09:06:00,23171.600000000097,23171.600000000097
2026-06-11 10:06:00,23171.600000000097,23171.600000000097
2026-06-11 11:06:00,23171.600000000097,23171.600000000097
2026-06-11 12:06:00,23171.600000000097,23171.600000000097
2026-06-11 13:06:00,23171.600000000097,23171.600000000097
2026-06-11 14:06:00,23171.600000000097,23171.600000000097
2026-06-11 15:06:00,23171.600000000097,23171.600000000097
2026-06-11 16:06:00,23171.600000000097,23171.600000000097
2026-06-11 17:06:00,23171.600000000097,23171.600000000097
2026-06-11 18:06:00,23171.600000000097,23171.600000000097
2026-06-11 19:06:00,23171.600000000097,23171.600000000097
2026-06-11 20:06:00,23171.600000000097,23171.600000000097
2026-06-11 21:06:00,23171.600000000097,23171.600000000097
2026-06-11 22:06:00,23171.600000000097,23171.600000000097
2026-06-11 23:06:00,23171.600000000097,23171.600000000097
2026-06-12 01:07:00,23171.600000000097,23171.600000000097
2026-06-12 02:07:00,23171.600000000097,23171.600000000097
2026-06-12 03:07:00,23171.600000000097,23171.600000000097
2026-06-12 04:07:00,23200.190000000097,23263.010000000093
2026-06-12 05:07:00,23198.39000000011,23198.39000000011
2026-06-12 06:07:00,23198.39000000011,23198.39000000011
2026-06-12 07:07:00,23198.39000000011,23198.39000000011
2026-06-12 08:07:00,23198.39000000011,23198.39000000011
2026-06-12 09:07:00,23198.39000000011,23198.39000000011
2026-06-12 10:07:00,23198.39000000011,23198.39000000011
2026-06-12 11:07:00,23198.39000000011,23198.39000000011
2026-06-12 12:07:00,23198.39000000011,23198.39000000011
2026-06-12 13:07:00,23198.39000000011,23198.39000000011
2026-06-12 14:07:00,23198.39000000011,23198.39000000011
2026-06-12 15:07:00,23198.39000000011,23198.39000000011
2026-06-12 16:07:00,23198.39000000011,23198.39000000011
2026-06-12 17:07:00,23198.39000000011,23198.39000000011
2026-06-12 18:07:00,23198.39000000011,23198.39000000011
2026-06-12 19:07:00,23198.39000000011,23198.39000000011
2026-06-12 20:07:00,23198.39000000011,23198.39000000011
2026-06-12 21:07:00,23198.39000000011,23198.39000000011
2026-06-12 22:07:00,23198.39000000011,23198.39000000011
2026-06-12 23:07:00,23198.39000000011,23198.39000000011
2026-06-15 01:08:00,23198.39000000011,23198.39000000011
2026-06-15 02:08:00,23198.39000000011,23198.39000000011
2026-06-15 03:08:00,23198.39000000011,23198.39000000011
2026-06-15 04:08:00,23198.39000000011,23198.39000000011
2026-06-15 05:08:00,23198.39000000011,23198.39000000011
2026-06-15 06:08:00,23198.39000000011,23198.39000000011
2026-06-15 07:08:00,23198.39000000011,23198.39000000011
2026-06-15 08:08:00,23198.39000000011,23198.39000000011
2026-06-15 09:08:00,22966.510000000108,22966.510000000108
2026-06-15 10:08:00,22966.510000000108,22966.510000000108
2026-06-15 11:08:00,22966.510000000108,22966.510000000108
2026-06-15 12:08:00,22966.510000000108,22966.510000000108
2026-06-15 13:08:00,22966.510000000108,22966.510000000108
2026-06-15 14:08:00,22966.510000000108,22966.510000000108
2026-06-15 15:08:00,22966.510000000108,22966.510000000108
2026-06-15 16:08:00,22966.510000000108,22966.510000000108
2026-06-15 17:08:00,22966.510000000108,22966.510000000108
2026-06-15 18:08:00,22966.510000000108,22966.510000000108
2026-06-15 19:08:00,22966.510000000108,22966.510000000108
2026-06-15 20:08:00,22966.510000000108,22966.510000000108
2026-06-15 21:08:00,22966.510000000108,22966.510000000108
2026-06-15 22:08:00,22966.510000000108,22966.510000000108
2026-06-15 23:08:00,22966.510000000108,22966.510000000108
2026-06-16 01:09:00,22966.510000000108,22966.510000000108
2026-06-16 02:09:00,22966.510000000108,22966.510000000108
2026-06-16 03:09:00,22966.510000000108,22966.510000000108
2026-06-16 04:09:00,22966.510000000108,22966.510000000108
2026-06-16 05:09:00,22966.510000000108,22966.510000000108
2026-06-16 06:09:00,22966.510000000108,22966.510000000108
2026-06-16 07:09:00,22966.510000000108,22966.510000000108
2026-06-16 08:09:00,22966.510000000108,22966.510000000108
2026-06-16 09:09:00,22966.510000000108,22966.510000000108
2026-06-16 10:09:00,22966.510000000108,22966.510000000108
2026-06-16 11:09:00,22966.510000000108,22966.510000000108
2026-06-16 12:09:00,22966.510000000108,22966.510000000108
2026-06-16 13:09:00,22966.510000000108,22966.510000000108
2026-06-16 14:09:00,22966.510000000108,22966.510000000108
2026-06-16 15:09:00,22966.510000000108,22966.510000000108
2026-06-16 16:09:00,22966.510000000108,22966.510000000108
2026-06-16 17:09:00,22966.510000000108,22966.510000000108
2026-06-16 18:09:00,22966.510000000108,22966.510000000108
2026-06-16 19:09:00,22963.780000000108,22994.350000000075
2026-06-16 20:09:00,22963.780000000108,23082.49000000008
2026-06-16 21:09:00,22918.270000000088,22952.480000000083
2026-06-16 22:09:00,22918.270000000088,22945.660000000084
2026-06-16 23:09:00,22918.270000000088,23040.81000000008
2026-06-17 01:10:00,22923.22000000009,23040.04000000009
2026-06-17 02:10:00,22923.22000000009,23007.480000000087
2026-06-17 03:10:00,22923.22000000009,22968.760000000093
2026-06-17 04:10:00,22922.120000000086,22922.120000000086
2026-06-17 05:10:00,22922.120000000086,22922.120000000086
2026-06-17 06:10:00,22922.120000000086,22922.120000000086
2026-06-17 07:10:00,22922.120000000086,22922.120000000086
2026-06-17 08:10:00,22922.120000000086,22922.120000000086
2026-06-17 09:10:00,22922.120000000086,22922.120000000086
2026-06-17 10:10:00,22922.120000000086,22922.120000000086
2026-06-17 11:10:00,22922.120000000086,22922.120000000086
2026-06-17 12:10:00,22922.120000000086,22922.120000000086
2026-06-17 13:10:00,22922.120000000086,22922.120000000086
2026-06-17 14:10:00,22922.120000000086,22922.120000000086
2026-06-17 15:10:00,22922.120000000086,22922.120000000086
2026-06-17 16:10:00,22922.120000000086,22922.120000000086
2026-06-17 17:10:00,22922.120000000086,22922.120000000086
2026-06-17 18:10:00,22922.120000000086,22922.120000000086
2026-06-17 19:10:00,22922.120000000086,22922.120000000086
2026-06-17 20:10:00,22922.120000000086,22922.120000000086
2026-06-17 21:10:00,23314.900000000085,23862.880000000085
2026-06-17 22:10:00,23720.000000000087,23847.640000000087
2026-06-17 23:10:00,23597.930000000088,23560.030000000086
2026-06-18 01:11:00,23595.430000000088,23611.630000000085
2026-06-18 02:11:00,23595.430000000088,23671.330000000085
2026-06-18 03:11:00,23623.730000000087,23755.970000000085
2026-06-18 04:11:00,23680.330000000085,23872.210000000086
2026-06-18 05:11:00,23680.330000000085,23872.150000000085
2026-06-18 06:11:00,23680.330000000085,23826.580000000085
2026-06-18 07:11:00,23680.330000000085,23842.180000000084
2026-06-18 08:11:00,23680.330000000085,23846.260000000082
2026-06-18 09:11:00,23680.330000000085,23793.070000000087
2026-06-18 10:11:00,23680.330000000085,23816.950000000084
2026-06-18 11:11:00,23679.280000000086,23694.070000000098
2026-06-18 12:11:00,23444.830000000093,23444.830000000093
2026-06-18 13:11:00,23444.830000000093,23444.830000000093
2026-06-18 14:11:00,23444.830000000093,23444.830000000093
2026-06-18 15:11:00,23444.830000000093,23444.830000000093
2026-06-18 16:11:00,23444.830000000093,23444.830000000093
2026-06-18 17:11:00,23444.830000000093,23444.830000000093
2026-06-18 18:11:00,23444.830000000093,23444.830000000093
2026-06-18 19:11:00,23444.830000000093,23444.830000000093
2026-06-18 20:11:00,23444.830000000093,23444.830000000093
2026-06-18 21:11:00,23444.830000000093,23444.830000000093
2026-06-18 22:11:00,23444.830000000093,23444.830000000093
2026-06-18 23:11:00,23444.830000000093,23444.830000000093
2026-06-19 01:12:00,23444.830000000093,23444.830000000093
2026-06-19 02:12:00,23444.830000000093,23444.830000000093
2026-06-19 03:12:00,23444.830000000093,23444.830000000093
2026-06-19 04:12:00,23444.830000000093,23444.830000000093
2026-06-19 05:12:00,23444.830000000093,23444.830000000093
2026-06-19 06:12:00,23444.830000000093,23444.830000000093
2026-06-19 07:12:00,23444.830000000093,23444.830000000093
2026-06-19 08:12:00,23444.34000000009,23420.54000000009
2026-06-19 09:12:00,23444.34000000009,23539.05000000009
2026-06-19 10:12:00,23462.03000000009,23608.19000000009
2026-06-19 11:12:00,23497.42000000009,23673.62000000009
2026-06-19 12:12:00,23497.42000000009,23673.170000000086
2026-06-19 13:12:00,23497.42000000009,23614.970000000085
2026-06-19 14:12:00,23497.42000000009,23572.62000000009
2026-06-19 15:12:00,23497.42000000009,23629.22000000009
2026-06-19 16:12:00,23497.42000000009,23698.97000000009
2026-06-19 17:12:00,23497.42000000009,23586.870000000086
2026-06-19 18:12:00,23497.42000000009,23587.820000000087
2026-06-19 19:12:00,23497.42000000009,23565.870000000086
2026-06-22 01:11:00,23494.92000000009,23590.620000000086
2026-06-22 02:11:00,23494.92000000009,23639.620000000086
2026-06-22 03:11:00,23494.92000000009,23602.62000000009
2026-06-22 04:11:00,23565.700000000088,23880.340000000087
2026-06-22 05:11:00,23328.900000000078,23556.860000000077
2026-06-22 06:11:00,23328.900000000078,23538.940000000075
2026-06-22 07:11:00,23328.900000000078,23512.300000000076
2026-06-22 08:11:00,23328.900000000078,23533.42000000008
2026-06-22 09:11:00,23328.900000000078,23584.380000000077
2026-06-22 10:11:00,23328.900000000078,23601.660000000076
2026-06-22 11:11:00,23328.900000000078,23563.300000000076
2026-06-22 12:11:00,23328.900000000078,23627.860000000077
2026-06-22 13:11:00,23328.900000000078,23657.140000000076
2026-06-22 14:11:00,23328.900000000078,23634.42000000008
2026-06-22 15:11:00,23328.900000000078,23634.180000000077
2026-06-22 16:11:00,23328.900000000078,23575.060000000078
2026-06-22 17:11:00,23328.900000000078,23611.060000000078
2026-06-22 18:11:00,23328.900000000078,23597.10000000008
2026-06-22 19:11:00,23328.900000000078,23504.180000000077
2026-06-22 20:11:00,23328.900000000078,23555.980000000076
2026-06-22 21:11:00,23328.900000000078,23543.380000000077
2026-06-22 22:11:00,23328.900000000078,23569.500000000076
2026-06-22 23:11:00,23328.900000000078,23568.340000000077
2026-06-23 01:12:00,23326.900000000078,23571.020000000077
2026-06-23 02:12:00,23326.900000000078,23564.940000000075
2026-06-23 03:12:00,23326.900000000078,23518.900000000078
2026-06-23 04:12:00,23326.900000000078,23546.060000000078
2026-06-23 05:12:00,23325.71000000008,23258.400000000078
2026-06-23 06:12:00,23098.590000000084,23137.550000000083
2026-06-23 07:12:00,23098.190000000082,23098.190000000082
2026-06-23 08:12:00,23098.190000000082,23098.190000000082
2026-06-23 09:12:00,23098.190000000082,23098.190000000082
2026-06-23 10:12:00,23098.190000000082,23098.190000000082
2026-06-23 11:12:00,23098.190000000082,23098.190000000082
2026-06-23 12:12:00,23098.190000000082,23098.190000000082
2026-06-23 13:12:00,23098.190000000082,23098.190000000082
2026-06-23 14:12:00,23098.190000000082,23098.190000000082
2026-06-23 15:12:00,23098.190000000082,23098.190000000082
2026-06-23 16:12:00,23098.190000000082,23098.190000000082
2026-06-23 17:12:00,23098.190000000082,23098.190000000082
2026-06-23 18:12:00,23098.190000000082,23098.190000000082
2026-06-23 19:12:00,23098.190000000082,23098.190000000082
2026-06-23 20:12:00,23098.190000000082,23098.190000000082
2026-06-23 21:12:00,23098.190000000082,23098.190000000082
2026-06-23 22:12:00,23098.190000000082,23098.190000000082
2026-06-23 23:12:00,23098.190000000082,23098.190000000082
2026-06-24 01:13:00,23098.190000000082,23098.190000000082
2026-06-24 02:13:00,23098.190000000082,23098.190000000082
2026-06-24 03:13:00,23098.190000000082,23098.190000000082
2026-06-24 04:13:00,23098.190000000082,23098.190000000082
2026-06-24 05:13:00,23098.190000000082,23098.190000000082
2026-06-24 06:13:00,23098.190000000082,23098.190000000082
2026-06-24 07:13:00,23098.190000000082,23098.190000000082
2026-06-24 08:13:00,23098.190000000082,23098.190000000082
2026-06-24 09:13:00,23098.190000000082,23098.190000000082
2026-06-24 10:13:00,23098.190000000082,23098.190000000082
2026-06-24 11:13:00,23098.190000000082,23098.190000000082
2026-06-24 12:13:00,23098.190000000082,23098.190000000082
2026-06-24 13:13:00,23098.190000000082,23098.190000000082
2026-06-24 14:13:00,23098.190000000082,23098.190000000082
2026-06-24 15:13:00,23098.190000000082,23098.190000000082
2026-06-24 16:13:00,23098.190000000082,23098.190000000082
2026-06-24 17:13:00,23098.190000000082,23098.190000000082
2026-06-24 18:13:00,23098.190000000082,23098.190000000082
2026-06-24 19:13:00,23098.190000000082,23098.190000000082
2026-06-24 20:13:00,23098.190000000082,23098.190000000082
2026-06-24 21:13:00,23098.190000000082,23098.190000000082
2026-06-24 22:13:00,23098.190000000082,23098.190000000082
2026-06-24 23:13:00,23098.190000000082,23098.190000000082
2026-06-25 01:14:00,23098.190000000082,23098.190000000082
2026-06-25 02:14:00,23098.190000000082,23098.190000000082
2026-06-25 03:14:00,23096.020000000084,23014.49000000008
2026-06-25 04:14:00,22861.970000000074,22861.970000000074
2026-06-25 05:14:00,22861.970000000074,22861.970000000074
2026-06-25 06:14:00,22861.970000000074,22861.970000000074
2026-06-25 07:14:00,22861.970000000074,22861.970000000074
2026-06-25 08:14:00,22861.970000000074,22861.970000000074
2026-06-25 09:14:00,22861.970000000074,22861.970000000074
2026-06-25 10:14:00,22861.970000000074,22861.970000000074
2026-06-25 11:14:00,22861.970000000074,22861.970000000074
2026-06-25 12:14:00,22861.970000000074,22861.970000000074
2026-06-25 13:14:00,22861.970000000074,22861.970000000074
2026-06-25 14:14:00,22861.970000000074,22861.970000000074
2026-06-25 15:14:00,22861.970000000074,22861.970000000074
2026-06-25 16:14:00,22861.970000000074,22861.970000000074
2026-06-25 17:14:00,22861.970000000074,22861.970000000074
2026-06-25 18:14:00,22861.970000000074,22861.970000000074
2026-06-25 19:14:00,22861.970000000074,22861.970000000074
2026-06-25 20:14:00,22861.970000000074,22861.970000000074
2026-06-25 21:14:00,22861.970000000074,22861.970000000074
2026-06-25 22:14:00,22861.970000000074,22861.970000000074
2026-06-25 23:14:00,22861.970000000074,22861.970000000074
2026-06-26 01:15:00,22861.970000000074,22861.970000000074
2026-06-26 02:15:00,22861.970000000074,22861.970000000074
2026-06-26 03:15:00,22860.150000000074,22965.190000000075
2026-06-26 04:15:00,22889.71000000008,22889.71000000008
2026-06-26 05:15:00,22889.71000000008,22889.71000000008
2026-06-26 06:15:00,22889.71000000008,22889.71000000008
2026-06-26 07:15:00,22889.71000000008,22889.71000000008
2026-06-26 08:15:00,22889.71000000008,22889.71000000008
2026-06-26 09:15:00,22889.71000000008,22889.71000000008
2026-06-26 10:15:00,22889.71000000008,22889.71000000008
2026-06-26 11:15:00,22889.71000000008,22889.71000000008
2026-06-26 12:15:00,22889.71000000008,22889.71000000008
2026-06-26 13:15:00,22889.71000000008,22889.71000000008
2026-06-26 14:15:00,22889.71000000008,22889.71000000008
2026-06-26 15:15:00,22889.71000000008,22889.71000000008
2026-06-26 16:15:00,22889.71000000008,22889.71000000008
2026-06-26 17:15:00,22889.71000000008,22889.71000000008
2026-06-26 18:15:00,22889.71000000008,22889.71000000008
2026-06-26 19:15:00,22889.71000000008,22889.71000000008
2026-06-26 20:15:00,22889.71000000008,22889.71000000008
2026-06-26 21:15:00,22889.71000000008,22889.71000000008
2026-06-26 22:15:00,22889.71000000008,22889.71000000008
2026-06-26 23:15:00,22889.71000000008,22889.71000000008
2026-06-29 01:16:00,22889.71000000008,22889.71000000008
2026-06-29 02:16:00,22971.260000000075,23043.86000000008
2026-06-29 03:16:00,22970.160000000073,22970.160000000073
2026-06-29 04:16:00,22970.160000000073,22970.160000000073
2026-06-29 05:16:00,22970.160000000073,22970.160000000073
2026-06-29 06:16:00,22970.160000000073,22970.160000000073
2026-06-29 07:16:00,22970.160000000073,22970.160000000073
2026-06-29 08:16:00,22970.160000000073,22970.160000000073
2026-06-29 09:16:00,22970.160000000073,22970.160000000073
2026-06-29 10:16:00,22970.160000000073,22970.160000000073
2026-06-29 11:16:00,22970.160000000073,22970.160000000073
2026-06-29 12:16:00,22970.160000000073,22970.160000000073
2026-06-29 13:16:00,22970.160000000073,22970.160000000073
2026-06-29 14:16:00,22970.160000000073,22970.160000000073
2026-06-29 15:16:00,22970.160000000073,22970.160000000073
2026-06-29 16:16:00,22970.160000000073,22970.160000000073
2026-06-29 17:16:00,22970.160000000073,22970.160000000073
2026-06-29 18:16:00,22970.160000000073,22970.160000000073
2026-06-29 19:16:00,22970.160000000073,22970.160000000073
2026-06-29 20:16:00,22970.160000000073,22970.160000000073
2026-06-29 21:16:00,22970.160000000073,22970.160000000073
2026-06-29 22:16:00,22970.160000000073,22970.160000000073
2026-06-29 23:16:00,22970.160000000073,22970.160000000073
2026-06-30 01:17:00,22970.160000000073,22970.160000000073
2026-06-30 02:17:00,22970.160000000073,22970.160000000073
2026-06-30 03:17:00,22970.160000000073,22970.160000000073
2026-06-30 04:17:00,22970.160000000073,22970.160000000073
2026-06-30 05:17:00,22970.160000000073,22970.160000000073
2026-06-30 06:17:00,22970.160000000073,22970.160000000073
2026-06-30 07:17:00,22970.160000000073,22970.160000000073
2026-06-30 08:17:00,22970.160000000073,22970.160000000073
2026-06-30 09:17:00,22970.160000000073,22970.160000000073
2026-06-30 10:17:00,22970.160000000073,22970.160000000073
2026-06-30 11:17:00,22970.160000000073,22970.160000000073
2026-06-30 12:17:00,22970.160000000073,22970.160000000073
2026-06-30 13:17:00,22970.160000000073,22970.160000000073
2026-06-30 14:17:00,22967.990000000074,22889.560000000067
2026-06-30 15:17:00,22740.140000000072,22740.140000000072
2026-06-30 16:17:00,22887.530000000064,23438.21000000006
2026-06-30 17:17:00,23518.310000000063,24057.83000000006
2026-06-30 18:17:00,23622.330000000064,23859.630000000063
2026-06-30 19:17:00,23651.720000000063,23969.740000000053
2026-06-30 20:17:00,23649.920000000064,23868.46000000006
2026-06-30 21:17:00,23649.920000000064,23923.760000000064
2026-06-30 22:17:00,23649.920000000064,23832.62000000006
2026-06-30 23:17:00,23649.920000000064,23754.78000000006
2026-07-01 01:18:00,23648.52000000006,23648.52000000006
2026-07-01 02:18:00,23648.52000000006,23648.52000000006
2026-07-01 03:18:00,23648.52000000006,23648.52000000006
2026-07-01 04:18:00,23415.56000000006,23415.56000000006
2026-07-01 05:18:00,23415.56000000006,23415.56000000006
2026-07-01 06:18:00,23415.56000000006,23415.56000000006
2026-07-01 07:18:00,23443.610000000062,23443.610000000062
2026-07-01 08:18:00,23443.610000000062,23443.610000000062
2026-07-01 09:18:00,23443.610000000062,23443.610000000062
2026-07-01 10:18:00,23443.610000000062,23443.610000000062
2026-07-01 11:18:00,23443.610000000062,23443.610000000062
2026-07-01 12:18:00,23443.610000000062,23443.610000000062
2026-07-01 13:18:00,23443.610000000062,23443.610000000062
2026-07-01 14:18:00,23443.610000000062,23443.610000000062
2026-07-01 15:18:00,23443.610000000062,23443.610000000062
2026-07-01 16:18:00,23472.090000000062,23609.04000000006
2026-07-01 17:18:00,24041.78000000006,24041.78000000006
2026-07-01 18:18:00,24041.78000000006,24041.78000000006
2026-07-01 19:18:00,24041.78000000006,24041.78000000006
2026-07-01 20:18:00,24041.78000000006,24041.78000000006
2026-07-01 21:18:00,24041.78000000006,24041.78000000006
2026-07-01 22:18:00,24041.78000000006,24041.78000000006
2026-07-01 23:18:00,24041.78000000006,24041.78000000006
2026-07-02 01:19:00,24040.38000000006,24111.380000000063
2026-07-02 02:19:00,24071.92000000006,24130.120000000057
2026-07-02 03:19:00,24103.170000000064,24103.170000000064
2026-07-02 04:19:00,24103.170000000064,24103.170000000064
2026-07-02 05:19:00,24135.010000000064,24135.010000000064
2026-07-02 06:19:00,24135.010000000064,24135.010000000064
2026-07-02 07:19:00,24135.010000000064,24135.010000000064
2026-07-02 08:19:00,24135.010000000064,24135.010000000064
2026-07-02 09:19:00,24135.010000000064,24135.010000000064
2026-07-02 10:19:00,24135.010000000064,24135.010000000064
2026-07-02 11:19:00,24135.010000000064,24135.010000000064
2026-07-02 12:19:00,24135.010000000064,24135.010000000064
2026-07-02 13:19:00,24135.010000000064,24135.010000000064
2026-07-02 14:19:00,24135.010000000064,24135.010000000064
2026-07-02 15:19:00,24135.010000000064,24135.010000000064
2026-07-02 16:19:00,24135.010000000064,24135.010000000064
2026-07-02 17:19:00,24167.390000000065,24271.070000000058
2026-07-02 18:19:00,24165.790000000063,24165.790000000063
2026-07-02 19:19:00,24165.790000000063,24165.790000000063
2026-07-02 20:19:00,24165.790000000063,24165.790000000063
2026-07-02 21:19:00,24165.790000000063,24165.790000000063
2026-07-02 22:19:00,24165.790000000063,24165.790000000063
2026-07-02 23:19:00,24165.790000000063,24165.790000000063
2026-07-03 01:20:00,24165.790000000063,24165.790000000063
2026-07-03 02:20:00,24165.790000000063,24165.790000000063
2026-07-03 03:20:00,24165.790000000063,24165.790000000063
2026-07-03 04:20:00,24165.790000000063,24165.790000000063
2026-07-03 05:20:00,24165.790000000063,24165.790000000063
2026-07-03 06:20:00,24165.790000000063,24165.790000000063
2026-07-03 07:20:00,24165.790000000063,24165.790000000063
2026-07-03 08:20:00,24165.790000000063,24165.790000000063
2026-07-03 09:20:00,24194.510000000046,24173.23000000004
2026-07-03 10:23:00,24224.450000000044,24274.610000000037
2026-07-03 11:23:00,24224.450000000044,24400.34000000004
2026-07-03 12:23:00,24224.450000000044,24290.890000000043
2026-07-03 13:23:00,24224.450000000044,24361.62000000004
2026-07-03 14:23:00,24224.450000000044,24420.580000000045
2026-07-03 15:23:00,24224.450000000044,24300.680000000037
2026-07-03 16:23:00,24223.350000000042,24223.350000000042
2026-07-03 17:23:00,24256.250000000044,24360.53000000004
2026-07-03 18:23:00,24326.11000000004,24488.860000000044
2026-07-03 19:23:00,24326.11000000004,24428.710000000043
2026-07-06 01:22:00,24461.90000000004,24640.300000000043
2026-07-06 02:22:00,24461.90000000004,24704.78000000004
2026-07-06 03:22:00,24781.42000000004,24781.42000000004
2026-07-06 04:22:00,24869.47000000003,24869.47000000003
2026-07-06 05:22:00,24869.47000000003,24869.47000000003
2026-07-06 06:22:00,24869.47000000003,24869.47000000003
2026-07-06 07:22:00,24869.47000000003,24869.47000000003
2026-07-06 08:22:00,24869.47000000003,24869.47000000003
2026-07-06 09:22:00,24869.47000000003,24869.47000000003
2026-07-06 10:22:00,24869.47000000003,24869.47000000003
2026-07-06 11:22:00,24869.47000000003,24869.47000000003
2026-07-06 12:22:00,24869.47000000003,24869.47000000003
2026-07-06 13:22:00,24869.47000000003,24869.47000000003
2026-07-06 14:22:00,24869.47000000003,24869.47000000003
2026-07-06 15:22:00,24869.47000000003,24869.47000000003
2026-07-06 16:22:00,24869.47000000003,24869.47000000003
2026-07-06 17:22:00,24869.47000000003,24869.47000000003
2026-07-06 18:22:00,24869.47000000003,24869.47000000003
2026-07-06 19:22:00,24869.47000000003,24869.47000000003
2026-07-06 20:22:00,24869.47000000003,24869.47000000003
2026-07-06 21:22:00,24869.47000000003,24869.47000000003
2026-07-06 22:22:00,24869.47000000003,24869.47000000003
2026-07-06 23:22:00,24869.47000000003,24869.47000000003
2026-07-07 01:23:00,24869.47000000003,24869.47000000003
2026-07-07 02:23:00,24869.47000000003,24869.47000000003
2026-07-07 03:23:00,24869.47000000003,24869.47000000003
2026-07-07 04:23:00,24869.47000000003,24869.47000000003
2026-07-07 05:23:00,24869.47000000003,24869.47000000003
2026-07-07 06:23:00,24869.47000000003,24869.47000000003
2026-07-07 07:23:00,24869.47000000003,24869.47000000003
2026-07-07 08:23:00,24869.47000000003,24869.47000000003
2026-07-07 09:23:00,24869.47000000003,24869.47000000003
2026-07-07 10:23:00,24869.47000000003,24869.47000000003
2026-07-07 11:23:00,24869.47000000003,24869.47000000003
2026-07-07 12:23:00,24869.47000000003,24869.47000000003
2026-07-07 13:23:00,24869.47000000003,24869.47000000003
2026-07-07 14:23:00,24869.47000000003,24869.47000000003
2026-07-07 15:23:00,24869.47000000003,24869.47000000003
2026-07-07 16:23:00,24869.47000000003,24869.47000000003
2026-07-07 17:23:00,24869.47000000003,24869.47000000003
2026-07-07 18:23:00,24869.47000000003,24869.47000000003
2026-07-07 19:23:00,24869.47000000003,24869.47000000003
2026-07-07 20:23:00,24869.47000000003,24869.47000000003
2026-07-07 21:23:00,24869.47000000003,24869.47000000003
2026-07-07 22:23:00,24869.47000000003,24869.47000000003
2026-07-07 23:23:00,24869.47000000003,24869.47000000003
2026-07-08 01:24:00,24869.47000000003,24869.47000000003
2026-07-08 02:24:00,24869.47000000003,24869.47000000003
2026-07-08 03:24:00,24869.47000000003,24869.47000000003
2026-07-08 04:24:00,24869.47000000003,24869.47000000003
2026-07-08 05:24:00,24869.47000000003,24869.47000000003
2026-07-08 06:24:00,24869.47000000003,24869.47000000003
2026-07-08 07:24:00,24869.47000000003,24869.47000000003
2026-07-08 08:24:00,24869.47000000003,24869.47000000003
2026-07-08 09:24:00,24869.47000000003,24869.47000000003
2026-07-08 10:24:00,24869.47000000003,24869.47000000003
2026-07-08 11:24:00,24869.47000000003,24869.47000000003
2026-07-08 12:24:00,24869.47000000003,24869.47000000003
2026-07-08 13:24:00,24869.47000000003,24869.47000000003
2026-07-08 14:24:00,24869.47000000003,24869.47000000003
2026-07-08 15:24:00,24869.47000000003,24869.47000000003
2026-07-08 16:24:00,24869.47000000003,24869.47000000003
2026-07-08 17:24:00,24869.47000000003,24869.47000000003
2026-07-08 18:24:00,24869.47000000003,24869.47000000003
2026-07-08 19:24:00,24869.47000000003,24869.47000000003
2026-07-08 20:24:00,24869.47000000003,24869.47000000003
2026-07-08 21:24:00,24869.47000000003,24869.47000000003
2026-07-08 22:24:00,24869.47000000003,24869.47000000003
2026-07-08 23:24:00,24869.47000000003,24869.47000000003
2026-07-09 01:25:00,24869.47000000003,24869.47000000003
2026-07-09 02:25:00,24869.47000000003,24869.47000000003
2026-07-09 03:25:00,24869.47000000003,24869.47000000003
2026-07-09 04:25:00,24869.47000000003,24869.47000000003
2026-07-09 05:25:00,24869.47000000003,24869.47000000003
2026-07-09 06:25:00,24867.86000000003,24914.780000000028
2026-07-09 07:25:00,24897.660000000033,24897.660000000033
2026-07-09 08:25:00,24931.270000000033,25022.77000000003
2026-07-09 09:25:00,24925.120000000035,24647.780000000028
2026-07-09 10:25:00,24925.120000000035,24385.88000000004
2026-07-09 11:25:00,24187.950000000033,23981.760000000035
2026-07-09 12:25:00,24187.950000000033,24037.38000000003
2026-07-09 13:25:00,24187.950000000033,24070.77000000003
2026-07-09 14:25:00,24222.10000000003,24211.96000000003
2026-07-09 15:25:00,24056.86000000003,24155.660000000033
2026-07-09 16:25:00,24199.060000000027,24342.21000000003
2026-07-09 17:25:00,24199.060000000027,24335.410000000025
2026-07-09 18:25:00,24199.060000000027,24361.660000000025
2026-07-09 19:25:00,24226.320000000014,24390.470000000016
2026-07-09 20:25:00,24226.320000000014,24377.570000000014
2026-07-09 21:25:00,24226.320000000014,24363.820000000014
2026-07-09 22:25:00,24226.320000000014,24350.270000000015
2026-07-09 23:25:00,24226.320000000014,24355.920000000016
2026-07-10 01:26:00,24223.820000000014,24365.520000000015
2026-07-10 02:26:00,24223.820000000014,24356.570000000014
2026-07-10 03:26:00,24223.820000000014,24339.370000000014
2026-07-10 04:26:00,24223.820000000014,24352.670000000013
2026-07-10 05:26:00,24223.820000000014,24366.27000000001
2026-07-10 06:26:00,24223.820000000014,24365.520000000015
2026-07-10 07:26:00,24223.820000000014,24309.320000000014
2026-07-10 08:26:00,24223.820000000014,24313.970000000012
2026-07-10 09:26:00,24223.820000000014,24330.770000000015
2026-07-10 10:26:00,24223.820000000014,24311.070000000014
2026-07-10 11:26:00,24223.820000000014,24269.170000000013
2026-07-10 12:26:00,24223.320000000014,24223.320000000014
2026-07-10 13:26:00,24223.320000000014,24223.320000000014
2026-07-10 14:26:00,24223.320000000014,24223.320000000014
2026-07-10 15:26:00,24223.320000000014,24223.320000000014
2026-07-10 16:26:00,24223.320000000014,24223.320000000014
2026-07-10 17:26:00,24223.320000000014,24223.320000000014
2026-07-10 18:26:00,24223.320000000014,24223.320000000014
2026-07-10 19:26:00,24223.320000000014,24223.320000000014
2026-07-10 20:26:00,24223.320000000014,24223.320000000014
2026-07-10 21:26:00,24223.320000000014,24223.320000000014
2026-07-10 22:26:00,24223.320000000014,24223.320000000014
2026-07-10 23:26:00,24223.320000000014,24223.320000000014
2026-07-13 01:27:00,24223.320000000014,24223.320000000014
2026-07-13 02:27:00,24223.320000000014,24223.320000000014
2026-07-13 03:27:00,24223.320000000014,24223.320000000014
2026-07-13 04:27:00,24223.320000000014,24223.320000000014
2026-07-13 05:27:00,24223.320000000014,24223.320000000014
2026-07-13 06:27:00,24223.320000000014,24223.320000000014
2026-07-13 07:27:00,24223.320000000014,24223.320000000014
2026-07-13 08:27:00,24256.220000000016,24379.200000000008
2026-07-13 09:27:00,24465.870000000014,24542.670000000013
2026-07-13 10:27:00,24465.870000000014,24537.39000000001
2026-07-13 11:27:00,24465.070000000014,24465.070000000014
2026-07-13 12:27:00,24465.070000000014,24465.070000000014
2026-07-13 13:27:00,24465.070000000014,24465.070000000014
2026-07-13 14:27:00,24465.070000000014,24465.070000000014
2026-07-13 15:27:00,24465.070000000014,24465.070000000014
2026-07-13 16:27:00,24465.070000000014,24465.070000000014
2026-07-13 17:27:00,24465.070000000014,24465.070000000014
2026-07-13 18:27:00,24465.070000000014,24465.070000000014
2026-07-13 19:27:00,24465.070000000014,24465.070000000014
2026-07-13 20:27:00,24465.070000000014,24465.070000000014
2026-07-13 21:27:00,24465.070000000014,24465.070000000014
2026-07-13 22:27:00,24465.070000000014,24465.070000000014
2026-07-13 23:27:00,24465.070000000014,24465.070000000014
2026-07-14 01:28:00,24465.070000000014,24465.070000000014
2026-07-14 02:28:00,24465.070000000014,24465.070000000014
2026-07-14 03:28:00,24465.070000000014,24465.070000000014
2026-07-14 04:28:00,24465.070000000014,24465.070000000014
2026-07-14 05:28:00,24465.070000000014,24465.070000000014
2026-07-14 06:28:00,24465.070000000014,24465.070000000014
2026-07-14 07:28:00,24465.070000000014,24465.070000000014
2026-07-14 08:28:00,24465.070000000014,24465.070000000014
2026-07-14 09:28:00,24465.070000000014,24465.070000000014
2026-07-14 10:28:00,24465.070000000014,24465.070000000014
2026-07-14 11:28:00,24465.070000000014,24465.070000000014
2026-07-14 12:28:00,24465.070000000014,24465.070000000014
2026-07-14 13:28:00,24465.070000000014,24465.070000000014
2026-07-14 14:28:00,24465.070000000014,24465.070000000014
2026-07-14 15:28:00,24465.070000000014,24465.070000000014
2026-07-14 16:28:00,24560.340000000015,24678.990000000016
2026-07-14 17:28:00,24560.340000000015,24734.920000000016
2026-07-14 18:28:00,24560.340000000015,24677.870000000017
2026-07-14 19:28:00,24688.140000000018,24799.660000000018
2026-07-14 20:28:00,24688.140000000018,24804.940000000017
2026-07-14 21:28:00,24688.140000000018,24795.20000000002
2026-07-14 22:28:00,24688.140000000018,24782.74000000002
2026-07-14 23:28:00,24688.140000000018,24785.34000000002
2026-07-15 01:29:00,24680.940000000017,24774.980000000018
2026-07-15 02:29:00,24680.940000000017,24779.780000000017
2026-07-15 03:29:00,24680.940000000017,24788.160000000018
2026-07-15 04:29:00,24680.940000000017,24780.720000000016
2026-07-15 05:29:00,24451.56000000002,24724.28000000002
2026-07-15 06:29:00,24451.56000000002,24732.60000000002
2026-07-15 07:29:00,24451.56000000002,24722.08000000002
2026-07-15 08:29:00,24451.56000000002,24756.32000000002
2026-07-15 09:29:00,24451.56000000002,24750.96000000002
2026-07-15 10:29:00,24451.56000000002,24760.20000000002
2026-07-15 11:29:00,24451.56000000002,24751.24000000002
2026-07-15 12:29:00,24451.56000000002,24747.040000000023
2026-07-15 13:29:00,24451.56000000002,24741.24000000002
2026-07-15 14:29:00,24451.56000000002,24733.680000000022
2026-07-15 15:29:00,24451.56000000002,24698.48000000002
2026-07-15 16:29:00,24451.56000000002,24632.92000000002
2026-07-15 17:29:00,24451.56000000002,24623.72000000002
2026-07-15 18:29:00,24481.70000000002,24690.78000000002
2026-07-15 19:29:00,24481.70000000002,24747.78000000002
2026-07-15 20:29:00,24481.70000000002,24696.74000000002
2026-07-15 21:29:00,24481.70000000002,24588.98000000002
2026-07-15 22:29:00,24572.85000000002,24935.13000000002
2026-07-15 23:29:00,24572.85000000002,24871.890000000025
2026-07-16 01:30:00,24577.85000000002,24993.25
2026-07-16 02:30:00,24688.550000000017,25159.950000000004
2026-07-16 03:30:00,24688.550000000017,25086.67000000002
2026-07-16 04:30:00,25003.67000000001,25451.96000000001
2026-07-16 05:30:00,25003.67000000001,25490.840000000007
2026-07-16 06:30:00,25003.67000000001,25497.500000000007
2026-07-16 07:30:00,25003.67000000001,25496.24000000001
2026-07-16 08:30:00,25003.67000000001,25555.190000000013
2026-07-16 09:30:00,25003.67000000001,25535.57000000001
2026-07-16 10:30:00,25003.67000000001,25587.14000000001
2026-07-16 11:30:00,25003.67000000001,25503.440000000013
2026-07-16 12:30:00,25003.67000000001,25506.32000000001
2026-07-16 13:30:00,25003.67000000001,25507.580000000013
2026-07-16 14:30:00,25003.67000000001,25582.46000000001
2026-07-16 15:30:00,25345.630000000012,25600.73000000001
2026-07-16 16:30:00,25755.080000000013,25755.080000000013
2026-07-16 17:30:00,25755.080000000013,25755.080000000013
2026-07-16 18:30:00,25755.080000000013,25755.080000000013
2026-07-16 19:30:00,25493.0,25493.0
2026-07-16 20:30:00,25493.0,25493.0
2026-07-16 21:30:00,25493.0,25493.0
2026-07-16 22:30:00,25493.0,25493.0
2026-07-16 23:30:00,25493.0,25493.0
2026-07-17 01:31:00,25493.0,25493.0
2026-07-17 02:31:00,25493.0,25493.0
2026-07-17 03:31:00,25493.0,25493.0
2026-07-17 04:31:00,25493.0,25493.0
2026-07-17 05:31:00,25493.0,25493.0
2026-07-17 06:31:00,25493.0,25493.0
2026-07-17 07:31:00,25493.0,25493.0
2026-07-17 08:31:00,25493.0,25493.0
2026-07-17 09:31:00,25493.0,25493.0
2026-07-17 10:31:00,25493.0,25493.0
2026-07-17 11:31:00,25493.0,25493.0
2026-07-17 12:31:00,25493.0,25493.0
2026-07-17 13:31:00,25493.0,25493.0
2026-07-17 14:31:00,25493.0,25493.0
2026-07-17 15:31:00,25493.0,25493.0
2026-07-17 16:31:00,25493.0,25493.0
2026-07-17 17:31:00,25493.0,25493.0
2026-07-17 18:31:00,25493.0,25493.0
2026-07-17 19:31:00,25493.0,25493.0
2026-07-17 20:31:00,25493.0,25493.0
2026-07-17 21:31:00,25493.0,25493.0
2026-07-17 22:31:00,25493.0,25493.0
2026-07-17 23:31:00,25493.0,25493.0
2026-07-20 01:32:00,25493.0,25493.0
2026-07-20 02:32:00,25493.0,25493.0
2026-07-20 03:32:00,25489.64,25566.33999999998
2026-07-20 04:32:00,24985.210000000006,24985.210000000006
2026-07-20 05:32:00,24985.210000000006,24985.210000000006
2026-07-20 06:32:00,24983.950000000008,25062.970000000005
2026-07-20 07:32:00,24983.950000000008,25002.31000000001
2026-07-20 08:32:00,25017.750000000007,25183.370000000006
2026-07-20 09:32:00,25085.350000000006,25295.65000000001
2026-07-20 10:32:00,25085.350000000006,25232.950000000008
2026-07-20 11:32:00,25084.350000000006,25084.350000000006
2026-07-20 12:32:00,25084.350000000006,25084.350000000006
2026-07-20 13:32:00,25084.350000000006,25084.350000000006
2026-07-20 14:32:00,25084.350000000006,25084.350000000006
2026-07-20 15:32:00,25084.350000000006,25084.350000000006
2026-07-20 16:32:00,25084.350000000006,25084.350000000006
2026-07-20 17:32:00,25084.350000000006,25084.350000000006
2026-07-20 18:32:00,25117.640000000003,25180.890000000007
2026-07-20 19:32:00,25115.140000000007,25115.140000000007
2026-07-20 20:32:00,25115.140000000007,25115.140000000007
2026-07-20 21:32:00,25115.140000000007,25115.140000000007
2026-07-20 22:32:00,25115.140000000007,25115.140000000007
2026-07-20 23:32:00,25115.140000000007,25115.140000000007
2026-07-21 01:33:00,25115.140000000007,25115.140000000007
2026-07-21 02:33:00,25115.140000000007,25115.140000000007
2026-07-21 03:33:00,25115.140000000007,25115.140000000007
2026-07-21 04:33:00,25115.140000000007,25115.140000000007
2026-07-21 05:33:00,25143.449999999986,25143.449999999986
2026-07-21 06:33:00,25143.449999999986,25143.449999999986
2026-07-21 07:33:00,25143.449999999986,25143.449999999986
2026-07-21 08:33:00,25143.449999999986,25143.449999999986
2026-07-21 09:33:00,25143.449999999986,25143.449999999986
2026-07-21 10:33:00,25143.449999999986,25143.449999999986
2026-07-21 11:33:00,25143.449999999986,25143.449999999986
2026-07-21 12:33:00,25143.449999999986,25143.449999999986
2026-07-21 13:33:00,25143.449999999986,25143.449999999986
2026-07-21 14:33:00,25143.449999999986,25143.449999999986
2026-07-21 15:33:00,25143.449999999986,25143.449999999986
2026-07-21 16:33:00,25143.449999999986,25143.449999999986
2026-07-21 17:33:00,25143.449999999986,25143.449999999986
2026-07-21 18:33:00,25143.449999999986,25143.449999999986
2026-07-21 19:33:00,25143.449999999986,25143.449999999986
2026-07-21 20:33:00,25143.449999999986,25143.449999999986
2026-07-21 21:33:00,25143.449999999986,25143.449999999986
2026-07-21 22:33:00,25143.449999999986,25143.449999999986
2026-07-21 23:33:00,25143.449999999986,25143.449999999986
2026-07-22 01:34:00,25143.449999999986,25143.449999999986
2026-07-22 02:34:00,25143.449999999986,25143.449999999986
2026-07-22 03:34:00,25143.449999999986,25143.449999999986
2026-07-22 04:34:00,25143.449999999986,25143.449999999986
2026-07-22 05:34:00,25143.449999999986,25143.449999999986
2026-07-22 06:34:00,25143.449999999986,25143.449999999986
2026-07-22 07:34:00,25143.449999999986,25143.449999999986
2026-07-22 08:34:00,25143.449999999986,25143.449999999986
2026-07-22 09:34:00,25143.449999999986,25143.449999999986
2026-07-22 10:34:00,25143.449999999986,25143.449999999986
2026-07-22 11:34:00,25178.79999999999,25273.89999999999
2026-07-22 12:34:00,25178.79999999999,25265.799999999992
2026-07-22 13:34:00,25178.79999999999,25288.0
2026-07-22 14:34:00,25178.79999999999,25303.75
2026-07-22 15:34:00,25252.299999999992,25413.699999999997
2026-07-22 16:34:00,25251.3,25251.3
2026-07-22 17:34:00,25251.3,25251.3
2026-07-22 18:34:00,25251.3,25251.3
2026-07-22 19:34:00,25251.3,25251.3
2026-07-22 20:34:00,25251.3,25251.3
2026-07-22 21:34:00,25251.3,25251.3
2026-07-22 22:34:00,25251.3,25251.3
2026-07-22 23:34:00,25251.3,25251.3
2026-07-23 01:35:00,25251.3,25251.3
2026-07-23 02:35:00,25251.3,25251.3
2026-07-23 03:35:00,25251.3,25251.3
2026-07-23 04:35:00,25251.3,25251.3
2026-07-23 05:35:00,25251.3,25251.3
2026-07-23 06:35:00,25251.3,25251.3
2026-07-23 07:35:00,25251.3,25251.3
2026-07-23 08:35:00,25251.3,25251.3
2026-07-23 09:35:00,25251.3,25251.3
2026-07-23 10:35:00,25251.3,25251.3
2026-07-23 11:35:00,25251.3,25251.3
2026-07-23 12:35:00,25251.3,25251.3
2026-07-23 13:35:00,25251.3,25251.3
2026-07-23 14:35:00,25251.3,25251.3
2026-07-23 15:35:00,25251.3,25251.3
2026-07-23 16:35:00,25251.3,25251.3
2026-07-23 17:35:00,25251.3,25251.3
2026-07-23 18:35:00,25251.3,25251.3
2026-07-23 19:35:00,25251.3,25251.3
2026-07-23 20:35:00,25251.3,25251.3
2026-07-23 21:35:00,25251.3,25251.3
2026-07-23 22:35:00,25251.3,25251.3
2026-07-23 23:35:00,25251.3,25251.3
2026-07-24 01:36:00,25251.3,25251.3
2026-07-24 02:36:00,25251.3,25251.3
2026-07-24 03:36:00,25251.3,25251.3
2026-07-24 04:36:00,25251.3,25251.3
2026-07-24 05:36:00,25251.3,25251.3
2026-07-24 06:36:00,25251.3,25251.3
2026-07-24 07:36:00,25251.3,25251.3
2026-07-24 08:36:00,25251.3,25251.3
2026-07-24 09:36:00,25251.3,25251.3
2026-07-24 10:36:00,25251.3,25251.3
2026-07-24 11:36:00,25251.3,25251.3
2026-07-24 12:36:00,25251.3,25251.3
2026-07-24 13:36:00,25251.3,25251.3
2026-07-24 14:36:00,25251.3,25251.3
2026-07-24 15:36:00,25251.3,25251.3
2026-07-24 16:36:00,25251.3,25251.3
2026-07-24 17:36:00,25251.3,25251.3
2026-07-24 18:36:00,25251.3,25251.3
2026-07-24 19:36:00,25281.2,25281.2
2026-07-24 20:36:00,25281.2,25281.2
2026-07-24 21:36:00,25281.2,25281.2
2026-07-24 22:36:00,25281.2,25281.2
2026-07-24 23:36:00,25281.2,25281.2
2026-07-27 01:37:00,25281.2,25281.2
2026-07-27 02:37:00,25281.2,25281.2
2026-07-27 03:37:00,25281.2,25281.2
2026-07-27 04:37:00,25281.2,25281.2
2026-07-27 05:37:00,25281.2,25281.2
2026-07-27 06:37:00,25281.2,25281.2
2026-07-27 07:37:00,25281.2,25281.2
2026-07-27 08:37:00,25281.2,25281.2
2026-07-27 09:37:00,25281.2,25281.2
2026-07-27 10:37:00,25281.2,25281.2
2026-07-27 11:37:00,25281.2,25281.2
2026-07-27 12:37:00,25281.2,25281.2
2026-07-27 13:37:00,25281.2,25281.2
2026-07-27 14:37:00,25281.2,25281.2
2026-07-27 15:37:00,25281.2,25281.2
2026-07-27 16:37:00,25281.2,25281.2
2026-07-27 17:37:00,25281.2,25281.2
2026-07-27 18:37:00,25281.2,25281.2
2026-07-27 19:37:00,25281.2,25281.2
2026-07-27 20:37:00,25281.2,25281.2
2026-07-27 21:37:00,25281.2,25281.2
2026-07-27 22:37:00,25281.2,25281.2
2026-07-27 23:37:00,25281.2,25281.2
2026-07-28 01:38:00,25281.2,25281.2
2026-07-28 02:38:00,25281.2,25281.2
2026-07-28 03:38:00,25281.2,25281.2
2026-07-28 04:38:00,25281.2,25281.2
2026-07-28 05:38:00,25281.2,25281.2
2026-07-28 06:38:00,25281.2,25281.2
2026-07-28 07:38:00,25281.2,25281.2
2026-07-28 08:38:00,25281.2,25281.2
2026-07-28 09:38:00,25281.2,25281.2
2026-07-28 10:38:00,25281.2,25281.2
2026-07-28 11:38:00,25281.2,25281.2
2026-07-28 12:38:00,25281.2,25281.2
2026-07-28 13:38:00,25281.2,25281.2
2026-07-28 14:38:00,25281.2,25281.2
2026-07-28 15:38:00,25281.2,25281.2
2026-07-28 16:38:00,25281.2,25281.2
2026-07-28 17:38:00,25281.2,25281.2
2026-07-28 18:38:00,25281.2,25281.2
2026-07-28 19:38:00,25281.2,25281.2
2026-07-28 20:38:00,25281.2,25281.2
2026-07-28 21:38:00,25281.2,25281.2
2026-07-28 22:38:00,25281.2,25281.2
2026-07-28 23:38:00,25281.2,25281.2
2026-07-29 01:39:00,25281.2,25281.2
2026-07-29 02:39:00,25281.2,25281.2
2026-07-29 03:39:00,25281.2,25281.2
2026-07-29 04:39:00,25281.2,25281.2
2026-07-29 05:39:00,25281.2,25281.2
2026-07-29 06:39:00,25281.2,25281.2
2026-07-29 07:39:00,25281.2,25281.2
2026-07-29 08:39:00,25281.2,25281.2
2026-07-29 09:39:00,25281.2,25281.2
2026-07-29 10:39:00,25281.2,25281.2
2026-07-29 11:39:00,25281.2,25281.2
2026-07-29 12:39:00,25281.2,25281.2
2026-07-29 13:39:00,25281.2,25281.2
2026-07-29 14:39:00,25281.2,25281.2
2026-07-29 15:39:00,25281.2,25281.2
2026-07-29 16:39:00,25281.2,25281.2
2026-07-29 17:39:00,25281.2,25281.2
2026-07-29 18:39:00,25281.2,25281.2
2026-07-29 19:39:00,25281.2,25281.2
2026-07-29 20:39:00,25281.2,25281.2
2026-07-29 21:39:00,25281.2,25281.2
2026-07-29 22:39:00,25281.2,25281.2
2026-07-29 23:39:00,25281.2,25281.2
2026-07-30 01:40:00,25281.2,25281.2
2026-07-30 02:40:00,25281.2,25281.2
2026-07-30 03:40:00,25281.2,25281.2
2026-07-30 04:40:00,25281.2,25281.2
2026-07-30 05:40:00,25281.2,25281.2
2026-07-30 06:40:00,25281.2,25281.2
2026-07-30 07:40:00,25281.2,25281.2
2026-07-30 08:40:00,25280.57,25306.399999999998
2026-07-30 09:40:00,25280.57,25308.29
2026-07-30 10:40:00,25057.780000000002,25121.550000000003
2026-07-30 11:40:00,25124.72,25285.82
2026-07-30 12:40:00,25124.72,25284.37
2026-07-30 13:40:00,25124.72,25364.37
2026-07-30 14:40:00,25124.72,25350.32
2026-07-30 15:40:00,25124.72,25331.620000000003
2026-07-30 16:40:00,25124.72,25412.02
2026-07-30 17:40:00,25258.6,25479.069999999996
2026-07-30 18:40:00,25258.6,25463.62
2026-07-30 19:40:00,25258.6,25490.829999999998
2026-07-30 20:40:00,25258.6,25475.649999999998
2026-07-30 21:40:00,25258.6,25477.39
2026-07-30 22:40:00,25258.6,25501.03
2026-07-30 23:40:00,25258.6,25480.629999999997
2026-07-31 01:41:00,25257.1,25488.909999999996
2026-07-31 02:41:00,25257.1,25479.19
2026-07-31 03:41:00,25257.1,25434.249999999996
2026-07-31 04:41:00,25257.1,25416.28
2026-07-31 05:41:00,25257.1,25400.89
2026-07-31 06:41:00,25257.1,25387.629999999997
2026-07-31 07:41:00,25257.1,25399.12
2026-07-31 08:41:00,25257.1,25391.14
2026-07-31 09:41:00,25257.1,25394.769999999997
2026-07-31 10:41:00,25257.1,25377.489999999998
2026-07-31 11:41:00,25257.1,25333.93
2026-07-31 12:41:00,25257.1,25314.85
2026-07-31 13:41:00,25257.1,25319.62
2026-07-31 14:41:00,25257.1,25315.449999999997
2026-07-31 15:41:00,25257.1,25293.82
2026-07-31 16:41:00,25256.8,25256.8
2026-07-31 17:41:00,25256.8,25256.8
2026-07-31 18:41:00,25256.8,25256.8
2026-07-31 19:41:00,25256.8,25256.8
2026-07-31 20:41:00,25256.8,25256.8
2026-07-31 21:41:00,25256.8,25256.8
2026-07-31 22:41:00,25256.8,25256.8
2026-07-31 23:41:00,25256.8,25256.8
2026-08-03 01:42:00,25256.8,25256.8
2026-08-03 02:42:00,25256.8,25256.8
2026-08-03 03:42:00,25256.8,25256.8
2026-08-03 04:42:00,25256.8,25256.8
2026-08-03 05:42:00,25256.8,25256.8
2026-08-03 06:42:00,25256.8,25256.8
2026-08-03 07:42:00,25256.8,25256.8
2026-08-03 08:42:00,25256.8,25256.8
2026-08-03 09:42:00,25256.8,25256.8
2026-08-03 10:42:00,25256.8,25256.8
2026-08-03 11:42:00,25256.8,25256.8
2026-08-03 12:42:00,25256.8,25256.8
2026-08-03 13:42:00,25256.8,25256.8
2026-08-03 14:42:00,25256.8,25256.8
2026-08-03 15:42:00,25256.8,25256.8
2026-08-03 16:42:00,25256.8,25256.8
2026-08-03 17:42:00,25256.8,25256.8
2026-08-03 18:42:00,25256.8,25256.8
2026-08-03 19:42:00,25256.8,25256.8
2026-08-03 20:42:00,25256.8,25256.8
2026-08-03 21:42:00,25256.8,25256.8
2026-08-03 22:42:00,25256.8,25256.8
2026-08-03 23:42:00,25256.8,25256.8
2026-08-04 01:43:00,25256.8,25256.8
2026-08-04 02:43:00,25256.8,25256.8
2026-08-04 03:43:00,25256.8,25256.8
2026-08-04 04:43:00,25256.8,25256.8
2026-08-04 05:43:00,25256.8,25256.8
2026-08-04 06:43:00,25256.8,25256.8
2026-08-04 07:43:00,25256.8,25256.8
2026-08-04 08:43:00,25256.8,25256.8
2026-08-04 09:43:00,25256.8,25256.8
2026-08-04 10:43:00,25256.8,25256.8
2026-08-04 11:43:00,25256.8,25256.8
2026-08-04 12:43:00,25256.8,25256.8
2026-08-04 13:43:00,25256.8,25256.8
2026-08-04 14:43:00,25256.8,25256.8
2026-08-04 15:43:00,25256.8,25256.8
2026-08-04 16:43:00,25256.8,25256.8
2026-08-04 17:43:00,25256.8,25256.8
2026-08-04 18:43:00,25256.8,25256.8
2026-08-04 19:43:00,25256.8,25256.8
2026-08-04 20:43:00,25256.8,25256.8
2026-08-04 21:43:00,25256.8,25256.8
2026-08-04 22:43:00,25256.8,25256.8
2026-08-04 23:43:00,25256.8,25256.8
2026-08-05 01:44:00,25256.8,25256.8
2026-08-05 02:44:00,25256.8,25256.8
2026-08-05 03:44:00,25256.8,25256.8
2026-08-05 04:44:00,25256.8,25256.8
2026-08-05 05:44:00,25256.8,25256.8
2026-08-05 06:44:00,25256.8,25256.8
2026-08-05 07:44:00,25256.8,25256.8
2026-08-05 08:44:00,25256.8,25256.8
2026-08-05 09:44:00,25256.8,25256.8
2026-08-05 10:44:00,25256.8,25256.8
2026-08-05 11:44:00,25256.8,25256.8
2026-08-05 12:44:00,25255.68,25270.4
2026-08-05 13:44:00,25255.68,25222.879999999997
2026-08-05 14:44:00,25364.279999999995,25585.639999999996
2026-08-05 15:44:00,25509.039999999994,25659.07999999999
2026-08-05 16:44:00,25509.039999999994,25670.91999999999
2026-08-05 17:44:00,25798.55999999999,25798.55999999999
2026-08-05 18:44:00,25798.55999999999,25798.55999999999
2026-08-05 19:44:00,25938.80999999999,26295.629999999986
2026-08-05 20:44:00,26007.509999999987,26366.869999999988
2026-08-05 21:44:00,26151.509999999987,26553.509999999987
2026-08-05 22:44:00,26151.509999999987,26478.749999999993
2026-08-05 23:44:00,26151.509999999987,26386.10999999999
2026-08-06 01:45:00,26487.059999999972,26959.999999999964
2026-08-06 02:45:00,27456.37999999997,27925.909999999967
2026-08-06 03:45:00,27456.37999999997,28044.07999999997
2026-08-06 04:45:00,27816.37999999997,28062.93999999997
2026-08-06 05:45:00,27816.37999999997,28041.699999999968
2026-08-06 06:45:00,27816.37999999997,27957.61999999997
2026-08-06 07:45:00,27816.37999999997,27949.179999999968
2026-08-06 08:45:00,27816.37999999997,27975.05999999997
2026-08-06 09:45:00,27816.37999999997,27941.659999999967
2026-08-06 10:45:00,27816.37999999997,27926.89999999997
2026-08-06 11:45:00,27816.37999999997,28007.299999999967
2026-08-06 12:45:00,27816.37999999997,28012.339999999967
2026-08-06 13:45:00,27816.37999999997,27973.93999999997
2026-08-06 14:45:00,27816.37999999997,27942.539999999968
2026-08-06 15:45:00,27816.37999999997,27978.93999999997
2026-08-06 16:45:00,27544.10999999996,27715.46999999996
2026-08-06 17:45:00,27544.10999999996,27737.78999999996
2026-08-06 18:45:00,26989.359999999986,27087.279999999984
2026-08-06 19:45:00,26988.959999999985,26988.959999999985
2026-08-06 20:45:00,26988.959999999985,26988.959999999985
2026-08-06 21:45:00,26988.959999999985,26988.959999999985
2026-08-06 22:45:00,26988.959999999985,26988.959999999985
2026-08-06 23:45:00,26988.959999999985,26988.959999999985
2026-08-07 01:46:00,26988.959999999985,26988.959999999985
2026-08-07 02:46:00,26988.959999999985,26988.959999999985
2026-08-07 03:46:00,26988.959999999985,26988.959999999985
2026-08-07 04:46:00,26988.959999999985,26988.959999999985
2026-08-07 05:46:00,26988.959999999985,26988.959999999985
2026-08-07 06:46:00,26988.959999999985,26988.959999999985
2026-08-07 07:46:00,26988.959999999985,26988.959999999985
2026-08-07 08:46:00,26988.959999999985,26988.959999999985
2026-08-07 09:46:00,26988.959999999985,26988.959999999985
2026-08-07 10:46:00,26988.959999999985,26988.959999999985
2026-08-07 11:46:00,26988.959999999985,26988.959999999985
2026-08-07 12:46:00,26988.959999999985,26988.959999999985
2026-08-07 13:46:00,26988.959999999985,26988.959999999985
2026-08-07 14:46:00,26988.959999999985,26988.959999999985
2026-08-07 15:46:00,26988.959999999985,26988.959999999985
2026-08-07 16:46:00,26988.959999999985,26988.959999999985
2026-08-07 17:46:00,26988.959999999985,26988.959999999985
2026-08-07 18:46:00,26988.959999999985,26988.959999999985
2026-08-07 19:46:00,26988.959999999985,26988.959999999985
2026-08-07 20:46:00,26988.959999999985,26988.959999999985
2026-08-07 21:46:00,26988.959999999985,26988.959999999985
2026-08-07 22:46:00,26988.959999999985,26988.959999999985
2026-08-07 23:46:00,26988.959999999985,26988.959999999985
2026-08-10 01:47:00,26988.959999999985,26988.959999999985
2026-08-10 02:47:00,26988.959999999985,26988.959999999985
2026-08-10 03:47:00,26988.959999999985,26988.959999999985
2026-08-10 04:47:00,26985.31999999999,26588.24000000002
2026-08-10 05:47:00,27019.75999999999,27140.21999999999
2026-08-10 06:47:00,27092.839999999997,27270.160000000014
2026-08-10 07:47:00,27202.000000000007,27613.559999999998
2026-08-10 08:47:00,27423.56000000001,27989.96000000001
2026-08-10 09:47:00,27423.56000000001,28318.400000000023
2026-08-10 10:47:00,27562.68000000001,28400.64000000001
2026-08-10 11:47:00,27562.68000000001,28124.880000000016
2026-08-10 12:47:00,27562.68000000001,28026.240000000023
2026-08-10 13:47:00,27562.68000000001,27881.520000000008
2026-08-10 14:47:00,27562.68000000001,27834.480000000007
2026-08-10 15:47:00,27560.880000000023,27606.840000000022
2026-08-10 16:47:00,27560.880000000023,27593.160000000025
2026-08-10 17:47:00,27560.280000000028,27560.280000000028
2026-08-10 18:47:00,27560.280000000028,27560.280000000028
2026-08-10 19:47:00,27560.280000000028,27560.280000000028
2026-08-10 20:47:00,27560.280000000028,27560.280000000028
2026-08-10 21:47:00,27560.280000000028,27560.280000000028
2026-08-10 22:47:00,27560.280000000028,27560.280000000028
2026-08-10 23:47:00,27560.280000000028,27560.280000000028
2026-08-11 01:48:00,27560.280000000028,27560.280000000028
2026-08-11 02:48:00,27560.280000000028,27560.280000000028
2026-08-11 03:48:00,27560.280000000028,27560.280000000028
2026-08-11 04:48:00,27560.280000000028,27560.280000000028
2026-08-11 05:48:00,27560.280000000028,27560.280000000028
2026-08-11 06:48:00,27596.65000000003,27675.430000000037
2026-08-11 07:48:00,27595.35000000004,27595.35000000004
2026-08-11 08:48:00,27595.35000000004,27595.35000000004
2026-08-11 09:48:00,27595.35000000004,27595.35000000004
2026-08-11 10:48:00,27595.35000000004,27595.35000000004
2026-08-11 11:48:00,27595.35000000004,27595.35000000004
2026-08-11 12:48:00,27595.35000000004,27595.35000000004
2026-08-11 13:48:00,27595.35000000004,27595.35000000004
2026-08-11 14:48:00,27595.35000000004,27595.35000000004
2026-08-11 15:48:00,27595.35000000004,27595.35000000004
2026-08-11 16:48:00,27595.35000000004,27595.35000000004
2026-08-11 17:48:00,27595.35000000004,27595.35000000004
2026-08-11 18:48:00,27595.35000000004,27595.35000000004
2026-08-11 19:48:00,27595.35000000004,27595.35000000004
2026-08-11 20:48:00,27595.35000000004,27595.35000000004
2026-08-11 21:48:00,27595.35000000004,27595.35000000004
2026-08-11 22:48:00,27595.35000000004,27595.35000000004
2026-08-11 23:48:00,27595.35000000004,27595.35000000004
2026-08-12 01:49:00,27595.35000000004,27595.35000000004
2026-08-12 02:49:00,27595.35000000004,27595.35000000004
2026-08-12 03:49:00,27595.35000000004,27595.35000000004
2026-08-12 04:49:00,27595.35000000004,27595.35000000004
2026-08-12 05:49:00,27595.35000000004,27595.35000000004
2026-08-12 06:49:00,27595.35000000004,27595.35000000004
2026-08-12 07:49:00,27595.35000000004,27595.35000000004
2026-08-12 08:49:00,27706.910000000014,27706.910000000014
2026-08-12 09:49:00,27706.910000000014,27706.910000000014
2026-08-12 10:49:00,27706.910000000014,27706.910000000014
2026-08-12 11:49:00,27706.910000000014,27706.910000000014
2026-08-12 12:49:00,27706.910000000014,27706.910000000014
2026-08-12 13:49:00,27706.910000000014,27706.910000000014
2026-08-12 14:49:00,27706.910000000014,27706.910000000014
2026-08-12 15:49:00,27706.910000000014,27706.910000000014
2026-08-12 16:49:00,27706.910000000014,27706.910000000014
2026-08-12 17:49:00,27706.910000000014,27706.910000000014
2026-08-12 18:49:00,27706.910000000014,27706.910000000014
2026-08-12 19:49:00,27706.910000000014,27706.910000000014
2026-08-12 20:49:00,27706.910000000014,27706.910000000014
2026-08-12 21:49:00,27706.910000000014,27706.910000000014
2026-08-12 22:49:00,27706.910000000014,27706.910000000014
2026-08-12 23:49:00,27706.910000000014,27706.910000000014
2026-08-13 01:50:00,27706.910000000014,27706.910000000014
2026-08-13 02:50:00,27706.910000000014,27706.910000000014
2026-08-13 03:50:00,27706.910000000014,27706.910000000014
2026-08-13 04:50:00,27706.910000000014,27706.910000000014
2026-08-13 05:50:00,27706.910000000014,27706.910000000014
2026-08-13 06:50:00,27706.910000000014,27706.910000000014
2026-08-13 07:50:00,27706.910000000014,27706.910000000014
2026-08-13 08:50:00,27706.910000000014,27706.910000000014
2026-08-13 09:50:00,27706.910000000014,27706.910000000014
2026-08-13 10:50:00,27706.910000000014,27706.910000000014
2026-08-13 11:50:00,27706.910000000014,27706.910000000014
2026-08-13 12:50:00,27706.910000000014,27706.910000000014
2026-08-13 13:50:00,27706.910000000014,27706.910000000014
2026-08-13 14:50:00,27706.910000000014,27706.910000000014
2026-08-13 15:50:00,27824.720000000023,27824.720000000023
2026-08-13 16:50:00,27824.720000000023,27824.720000000023
2026-08-13 17:50:00,27824.720000000023,27824.720000000023
2026-08-13 18:50:00,27824.720000000023,27824.720000000023
2026-08-13 19:50:00,27824.720000000023,27824.720000000023
2026-08-13 20:50:00,27824.720000000023,27824.720000000023
2026-08-13 21:50:00,27824.720000000023,27824.720000000023
2026-08-13 22:50:00,27824.720000000023,27824.720000000023
2026-08-13 23:50:00,27824.720000000023,27824.720000000023
2026-08-14 01:51:00,27824.720000000023,27824.720000000023
2026-08-14 02:51:00,27824.720000000023,27824.720000000023
2026-08-14 03:51:00,27824.720000000023,27824.720000000023
2026-08-14 04:51:00,27824.720000000023,27824.720000000023
2026-08-14 05:51:00,27824.720000000023,27824.720000000023
2026-08-14 06:51:00,27824.720000000023,27824.720000000023
2026-08-14 07:51:00,27824.720000000023,27824.720000000023
2026-08-14 08:51:00,27824.720000000023,27824.720000000023
2026-08-14 09:51:00,27824.720000000023,27824.720000000023
2026-08-14 10:51:00,27824.720000000023,27824.720000000023
2026-08-14 11:51:00,27824.720000000023,27824.720000000023
2026-08-14 12:51:00,27824.720000000023,27824.720000000023
2026-08-14 13:51:00,27824.720000000023,27824.720000000023
2026-08-14 14:51:00,27824.720000000023,27824.720000000023
2026-08-14 15:51:00,27824.720000000023,27824.720000000023
2026-08-14 16:51:00,27823.110000000022,27874.170000000006
2026-08-14 17:51:00,27856.26000000003,27856.26000000003
2026-08-14 18:51:00,27856.26000000003,27856.26000000003
2026-08-14 19:51:00,27856.26000000003,27856.26000000003
2026-08-14 20:51:00,27856.26000000003,27856.26000000003
2026-08-14 21:51:00,27856.26000000003,27856.26000000003
2026-08-14 22:51:00,27856.26000000003,27856.26000000003
2026-08-14 23:51:00,27856.26000000003,27856.26000000003
2026-08-17 01:52:00,27856.26000000003,27856.26000000003
2026-08-17 02:52:00,27856.26000000003,27856.26000000003
2026-08-17 03:52:00,27856.26000000003,27856.26000000003
2026-08-17 04:52:00,27856.26000000003,27856.26000000003
2026-08-17 05:52:00,27856.26000000003,27856.26000000003
2026-08-17 06:52:00,27856.26000000003,27856.26000000003
2026-08-17 07:52:00,27856.26000000003,27856.26000000003
2026-08-17 08:52:00,27856.26000000003,27856.26000000003
2026-08-17 09:52:00,27856.26000000003,27856.26000000003
2026-08-17 10:52:00,27856.26000000003,27856.26000000003
2026-08-17 11:52:00,27856.26000000003,27856.26000000003
2026-08-17 12:52:00,27856.26000000003,27856.26000000003
2026-08-17 13:52:00,27856.26000000003,27856.26000000003
2026-08-17 14:52:00,27856.26000000003,27856.26000000003
2026-08-17 15:52:00,27970.990000000005,27946.690000000006
2026-08-17 16:52:00,28002.820000000003,28206.1
2026-08-17 17:52:00,28066.510000000002,28362.879999999997
2026-08-17 18:52:00,28066.510000000002,28409.680000000004
2026-08-17 19:52:00,28193.890000000003,28415.170000000002
2026-08-17 20:52:00,28193.890000000003,28384.93
2026-08-17 21:52:00,28193.890000000003,28319.590000000004
2026-08-17 22:52:00,28193.890000000003,28384.33
2026-08-17 23:52:00,28193.890000000003,28370.469999999998
2026-08-18 01:53:00,28190.890000000003,28358.050000000003
2026-08-18 02:53:00,28190.890000000003,28414.27
2026-08-18 03:53:00,28190.890000000003,28450.27
2026-08-18 04:53:00,28190.890000000003,28308.13
2026-08-18 05:53:00,28190.890000000003,28262.949999999997
2026-08-18 06:53:00,28190.890000000003,28235.77
2026-08-18 07:53:00,28190.890000000003,28242.670000000002
2026-08-18 08:53:00,28190.890000000003,28253.59
2026-08-18 09:53:00,28190.890000000003,28265.83
2026-08-18 10:53:00,28190.890000000003,28265.47
2026-08-18 11:53:00,28190.890000000003,28232.83
2026-08-18 12:53:00,28190.890000000003,28235.590000000004
2026-08-18 13:53:00,28190.890000000003,28258.69
2026-08-18 14:53:00,28190.890000000003,28219.630000000005
2026-08-18 15:53:00,28190.890000000003,28245.07
2026-08-18 16:53:00,28190.29,28190.29
2026-08-18 17:53:00,27629.290000000023,27629.290000000023
2026-08-18 18:53:00,27629.290000000023,27629.290000000023
2026-08-18 19:53:00,27629.290000000023,27629.290000000023
2026-08-18 20:53:00,27629.290000000023,27629.290000000023
2026-08-18 21:53:00,27629.290000000023,27629.290000000023
2026-08-18 22:53:00,27629.290000000023,27629.290000000023
2026-08-18 23:53:00,27629.290000000023,27629.290000000023
2026-08-19 01:54:00,27629.290000000023,27629.290000000023
2026-08-19 02:54:00,27629.290000000023,27629.290000000023
2026-08-19 03:54:00,27629.290000000023,27629.290000000023
2026-08-19 04:54:00,28183.34000000001,28605.100000000006
2026-08-19 05:54:00,28183.34000000001,28616.14
2026-08-19 06:54:00,28183.34000000001,28643.660000000003
2026-08-19 07:54:00,28183.34000000001,28470.22
2026-08-19 08:54:00,28183.34000000001,28319.34000000001
2026-08-19 09:54:00,28183.34000000001,28514.540000000008
2026-08-19 10:54:00,28183.34000000001,28638.86
2026-08-19 11:54:00,28183.34000000001,28684.460000000006
2026-08-19 12:54:00,28183.34000000001,28706.86
2026-08-19 13:54:00,28511.66000000001,28835.02000000001
2026-08-19 14:54:00,28865.740000000005,28865.740000000005
2026-08-19 15:54:00,28289.14999999999,28289.14999999999
2026-08-19 16:54:00,28289.14999999999,28289.14999999999
2026-08-19 17:54:00,28289.14999999999,28289.14999999999
2026-08-19 18:54:00,28289.14999999999,28289.14999999999
2026-08-19 19:54:00,28289.14999999999,28289.14999999999
2026-08-19 20:54:00,28289.14999999999,28289.14999999999
2026-08-19 21:54:00,28289.14999999999,28289.14999999999
2026-08-19 22:54:00,28289.14999999999,28289.14999999999
2026-08-19 23:54:00,28289.14999999999,28289.14999999999
2026-08-20 01:55:00,28289.14999999999,28289.14999999999
2026-08-20 02:55:00,28387.619999999966,28387.619999999966
2026-08-20 03:55:00,28387.619999999966,28387.619999999966
2026-08-20 04:55:00,28384.679999999964,28313.259999999966
2026-08-20 05:55:00,28461.47999999996,28536.959999999952
2026-08-20 06:55:00,28461.47999999996,28673.97999999996
2026-08-20 07:55:00,28459.779999999955,28459.779999999955
2026-08-20 08:55:00,28459.779999999955,28459.779999999955
2026-08-20 09:55:00,28459.779999999955,28459.779999999955
2026-08-20 10:55:00,28459.779999999955,28459.779999999955
2026-08-20 11:55:00,28459.779999999955,28459.779999999955
2026-08-20 12:55:00,28459.779999999955,28459.779999999955
2026-08-20 13:55:00,28459.779999999955,28459.779999999955
2026-08-20 14:55:00,28459.779999999955,28459.779999999955
2026-08-20 15:55:00,28459.779999999955,28459.779999999955
2026-08-20 16:55:00,28459.779999999955,28459.779999999955
2026-08-20 17:55:00,28459.779999999955,28459.779999999955
2026-08-20 18:55:00,28459.779999999955,28459.779999999955
2026-08-20 19:55:00,28459.779999999955,28459.779999999955
2026-08-20 20:55:00,28459.779999999955,28459.779999999955
2026-08-20 21:55:00,28459.779999999955,28459.779999999955
2026-08-20 22:55:00,28459.779999999955,28459.779999999955
2026-08-20 23:55:00,28459.779999999955,28459.779999999955
2026-08-21 01:56:00,28459.779999999955,28459.779999999955
2026-08-21 02:56:00,28459.779999999955,28459.779999999955
2026-08-21 03:56:00,28459.779999999955,28459.779999999955
2026-08-21 04:56:00,28459.779999999955,28459.779999999955
2026-08-21 05:56:00,28459.779999999955,28459.779999999955
2026-08-21 06:56:00,28457.609999999957,28508.139999999934
2026-08-21 07:56:00,28571.84999999995,28742.69999999994
2026-08-21 08:56:00,28570.149999999943,28570.149999999943
2026-08-21 09:56:00,28570.149999999943,28570.149999999943
2026-08-21 10:56:00,28570.149999999943,28570.149999999943
2026-08-21 11:56:00,28570.149999999943,28570.149999999943
2026-08-21 12:56:00,28570.149999999943,28570.149999999943
2026-08-21 13:56:00,28570.149999999943,28570.149999999943
2026-08-21 14:56:00,28570.149999999943,28570.149999999943
2026-08-21 15:56:00,28602.95999999991,28602.95999999991
2026-08-21 16:56:00,28602.95999999991,28602.95999999991
2026-08-21 17:56:00,28602.95999999991,28602.95999999991
2026-08-21 18:56:00,28602.95999999991,28602.95999999991
2026-08-21 19:56:00,28602.95999999991,28602.95999999991
2026-08-21 20:56:00,28602.95999999991,28602.95999999991
2026-08-21 21:56:00,28602.95999999991,28602.95999999991
2026-08-21 22:56:00,28602.95999999991,28602.95999999991
2026-08-21 23:56:00,28602.95999999991,28602.95999999991
2026-08-24 01:57:00,28602.95999999991,28602.95999999991
2026-08-24 02:57:00,28602.95999999991,28602.95999999991
2026-08-24 03:57:00,28601.699999999913,28519.43999999992
2026-08-24 04:57:00,28316.21999999992,28316.21999999992
2026-08-24 05:57:00,28316.21999999992,28316.21999999992
2026-08-24 06:57:00,28316.21999999992,28316.21999999992
2026-08-24 07:57:00,28316.21999999992,28316.21999999992
2026-08-24 08:57:00,28316.21999999992,28316.21999999992
2026-08-24 09:57:00,28316.21999999992,28316.21999999992
2026-08-24 10:57:00,28316.21999999992,28316.21999999992
2026-08-24 11:57:00,28316.21999999992,28316.21999999992
2026-08-24 12:57:00,28316.21999999992,28316.21999999992
2026-08-24 13:57:00,28316.21999999992,28316.21999999992
2026-08-24 14:57:00,28316.21999999992,28316.21999999992
2026-08-24 15:57:00,28316.21999999992,28316.21999999992
2026-08-24 16:57:00,28316.21999999992,28316.21999999992
2026-08-24 17:57:00,28316.21999999992,28316.21999999992
2026-08-24 18:57:00,28316.21999999992,28316.21999999992
2026-08-24 19:57:00,28316.21999999992,28316.21999999992
2026-08-24 20:57:00,28316.21999999992,28316.21999999992
2026-08-24 21:57:00,28435.389999999927,28435.389999999927
2026-08-24 22:57:00,28435.389999999927,28435.389999999927
2026-08-24 23:57:00,28435.389999999927,28435.389999999927
2026-08-25 01:58:00,28435.389999999927,28435.389999999927
2026-08-25 02:58:00,28435.389999999927,28435.389999999927
2026-08-25 03:58:00,28435.389999999927,28435.389999999927
2026-08-25 04:58:00,28435.389999999927,28435.389999999927
2026-08-25 05:58:00,28435.389999999927,28435.389999999927
2026-08-25 06:58:00,28435.389999999927,28435.389999999927
2026-08-25 07:58:00,28435.389999999927,28435.389999999927
2026-08-25 08:58:00,28435.389999999927,28435.389999999927
2026-08-25 09:58:00,28435.389999999927,28435.389999999927
2026-08-25 10:58:00,28435.389999999927,28435.389999999927
2026-08-25 11:58:00,28435.389999999927,28435.389999999927
2026-08-25 12:58:00,28435.389999999927,28435.389999999927
2026-08-25 13:58:00,28435.389999999927,28435.389999999927
2026-08-25 14:58:00,28435.389999999927,28435.389999999927
2026-08-25 15:58:00,28435.389999999927,28435.389999999927
2026-08-25 16:58:00,28435.389999999927,28435.389999999927
2026-08-25 17:58:00,28435.389999999927,28435.389999999927
2026-08-25 18:58:00,28434.759999999926,28461.21999999992
2026-08-25 19:58:00,28434.759999999926,28548.15999999993
2026-08-25 20:58:00,28470.759999999926,28513.389999999927
2026-08-25 21:58:00,28470.05999999993,28470.05999999993
2026-08-25 22:58:00,28470.05999999993,28470.05999999993
2026-08-25 23:58:00,28470.05999999993,28470.05999999993
2026-08-26 01:59:00,28470.05999999993,28470.05999999993
2026-08-26 02:59:00,28470.05999999993,28470.05999999993
2026-08-26 03:59:00,28470.05999999993,28470.05999999993
2026-08-26 04:59:00,28470.05999999993,28470.05999999993
2026-08-26 05:59:00,28470.05999999993,28470.05999999993
2026-08-26 06:59:00,28470.05999999993,28470.05999999993
2026-08-26 07:59:00,28470.05999999993,28470.05999999993
2026-08-26 08:59:00,28470.05999999993,28470.05999999993
2026-08-26 09:59:00,28470.05999999993,28470.05999999993
2026-08-26 10:59:00,28470.05999999993,28470.05999999993
2026-08-26 11:59:00,28506.39999999993,28600.799999999916
2026-08-26 12:59:00,28504.39999999992,28504.39999999992
2026-08-26 13:59:00,28504.39999999992,28504.39999999992
2026-08-26 14:59:00,28504.39999999992,28504.39999999992
2026-08-26 15:59:00,28504.39999999992,28504.39999999992
2026-08-26 16:59:00,28504.39999999992,28504.39999999992
2026-08-26 17:59:00,28504.39999999992,28504.39999999992
2026-08-26 18:59:00,28504.39999999992,28504.39999999992
2026-08-26 19:59:00,28504.39999999992,28504.39999999992
2026-08-26 20:59:00,28504.39999999992,28504.39999999992
2026-08-26 21:59:00,28504.39999999992,28504.39999999992
2026-08-26 22:59:00,28504.39999999992,28504.39999999992
2026-08-27 01:00:00,28504.39999999992,28504.39999999992
2026-08-27 02:00:00,28503.419999999922,28515.03999999992
2026-08-27 03:00:00,28503.419999999922,28312.03999999992
2026-08-27 04:00:00,28503.419999999922,28579.299999999923
2026-08-27 05:00:00,28217.959999999915,28217.959999999915
2026-08-27 06:00:00,28217.959999999915,28217.959999999915
2026-08-27 07:00:00,28217.959999999915,28217.959999999915
2026-08-27 08:00:00,28217.959999999915,28217.959999999915
2026-08-27 09:00:00,27931.369999999915,27931.369999999915
2026-08-27 10:00:00,27931.369999999915,27931.369999999915
2026-08-27 11:00:00,27931.369999999915,27931.369999999915
2026-08-27 12:00:00,27931.369999999915,27931.369999999915
2026-08-27 13:00:00,27931.369999999915,27931.369999999915
2026-08-27 14:00:00,27931.369999999915,27931.369999999915
2026-08-27 15:00:00,27931.369999999915,27931.369999999915
2026-08-27 16:00:00,27931.369999999915,27931.369999999915
2026-08-27 17:00:00,27931.369999999915,27931.369999999915
2026-08-27 18:00:00,27931.369999999915,27931.369999999915
2026-08-27 19:00:00,27931.369999999915,27931.369999999915
2026-08-27 20:00:00,27931.369999999915,27931.369999999915
2026-08-27 21:00:00,27931.369999999915,27931.369999999915
2026-08-27 22:00:00,27931.369999999915,27931.369999999915
2026-08-27 23:00:00,27931.369999999915,27931.369999999915
2026-08-28 01:01:00,27931.369999999915,27931.369999999915
2026-08-28 02:01:00,27931.369999999915,27931.369999999915
2026-08-28 03:01:00,27928.499999999916,27930.959999999934
2026-08-28 04:01:00,27965.899999999932,27965.899999999932
2026-08-28 05:01:00,27965.899999999932,27965.899999999932
2026-08-28 06:01:00,27965.899999999932,27965.899999999932
2026-08-28 07:01:00,27965.899999999932,27965.899999999932
2026-08-28 08:01:00,27965.899999999932,27965.899999999932
2026-08-28 09:01:00,27965.899999999932,27965.899999999932
2026-08-28 10:01:00,27965.899999999932,27965.899999999932
2026-08-28 11:01:00,27965.899999999932,27965.899999999932
2026-08-28 12:01:00,27965.899999999932,27965.899999999932
2026-08-28 13:01:00,27965.899999999932,27965.899999999932
2026-08-28 14:01:00,27965.899999999932,27965.899999999932
2026-08-28 15:01:00,27961.20999999993,27665.73999999994
2026-08-28 16:01:00,28035.469999999907,28035.469999999907
2026-08-28 17:01:00,28035.469999999907,28035.469999999907
2026-08-28 18:01:00,28035.469999999907,28035.469999999907
2026-08-28 19:01:00,28035.469999999907,28035.469999999907
2026-08-28 20:01:00,28035.469999999907,28035.469999999907
2026-08-28 21:01:00,28035.469999999907,28035.469999999907
2026-08-28 22:01:00,28035.469999999907,28035.469999999907
2026-08-28 23:01:00,28035.469999999907,28035.469999999907
2026-08-31 01:02:00,28035.469999999907,28035.469999999907
2026-08-31 02:02:00,28035.469999999907,28035.469999999907
2026-08-31 03:02:00,28035.469999999907,28035.469999999907
2026-08-31 04:02:00,28035.469999999907,28035.469999999907
2026-08-31 05:02:00,28035.469999999907,28035.469999999907
2026-08-31 06:02:00,28034.279999999908,28153.279999999908
2026-08-31 07:02:00,28056.99999999991,28071.419999999907
2026-08-31 08:02:00,28094.099999999908,28405.93999999989
2026-08-31 09:02:00,28329.2299999999,28760.109999999895
2026-08-31 10:02:00,28329.2299999999,28838.859999999884
2026-08-31 11:02:00,28329.2299999999,29098.109999999906
2026-08-31 12:02:00,28329.2299999999,28828.859999999895
2026-08-31 13:02:00,28329.2299999999,29022.359999999888
2026-08-31 14:02:00,28389.6499999999,29262.229999999887
2026-08-31 15:02:00,28838.109999999895,29330.729999999894
2026-08-31 16:02:00,28838.109999999895,29078.26999999989
2026-08-31 17:02:00,28837.309999999892,28884.85999999989
2026-08-31 18:02:00,28837.309999999892,28927.509999999893
2026-08-31 19:02:00,28837.309999999892,28939.759999999893
2026-08-31 20:02:00,28837.309999999892,28947.60999999989
2026-08-31 21:02:00,28837.309999999892,28943.309999999892
2026-08-31 22:02:00,28837.309999999892,28938.009999999893
2026-08-31 23:02:00,28837.309999999892,29052.40999999989
2026-09-01 01:03:00,28834.809999999892,29038.25999999989
2026-09-01 02:03:00,28834.809999999892,29012.20999999989
2026-09-01 03:03:00,28834.809999999892,29036.759999999893
2026-09-01 04:03:00,28834.809999999892,29023.559999999892
2026-09-01 05:03:00,28834.809999999892,29003.10999999989
2026-09-01 06:03:00,28834.809999999892,28976.709999999894
2026-09-01 07:03:00,28834.809999999892,28960.909999999894
2026-09-01 08:03:00,28834.809999999892,28924.30999999989
2026-09-01 09:03:00,28834.809999999892,28960.459999999894
2026-09-01 10:03:00,28834.809999999892,28938.35999999989
2026-09-01 11:03:00,28834.809999999892,28842.90999999989
2026-09-01 12:03:00,28834.30999999989,28834.30999999989
2026-09-01 13:03:00,28834.30999999989,28834.30999999989
2026-09-01 14:03:00,28834.30999999989,28834.30999999989
2026-09-01 15:03:00,28834.30999999989,28834.30999999989
2026-09-01 16:03:00,28834.30999999989,28834.30999999989
2026-09-01 17:03:00,28834.30999999989,28834.30999999989
2026-09-01 18:03:00,28834.30999999989,28834.30999999989
2026-09-01 19:03:00,28834.30999999989,28834.30999999989
2026-09-01 20:03:00,28834.30999999989,28834.30999999989
2026-09-01 21:03:00,28834.30999999989,28834.30999999989
2026-09-01 22:03:00,28834.30999999989,28834.30999999989
2026-09-01 23:03:00,28834.30999999989,28834.30999999989
2026-09-02 01:04:00,28834.30999999989,28834.30999999989
2026-09-02 02:04:00,28834.30999999989,28834.30999999989
2026-09-02 03:04:00,28834.30999999989,28834.30999999989
2026-09-02 04:04:00,28834.30999999989,28834.30999999989
2026-09-02 05:04:00,28834.30999999989,28834.30999999989
2026-09-02 06:04:00,28834.30999999989,28834.30999999989
2026-09-02 07:04:00,28834.30999999989,28834.30999999989
2026-09-02 08:04:00,28834.30999999989,28834.30999999989
2026-09-02 09:04:00,28834.30999999989,28834.30999999989
2026-09-02 10:04:00,28834.30999999989,28834.30999999989
2026-09-02 11:04:00,28834.30999999989,28834.30999999989
2026-09-02 12:04:00,28834.30999999989,28834.30999999989
2026-09-02 13:04:00,28834.30999999989,28834.30999999989
2026-09-02 14:04:00,28834.30999999989,28834.30999999989
2026-09-02 15:04:00,28834.30999999989,28834.30999999989
2026-09-02 16:04:00,28834.30999999989,28834.30999999989
2026-09-02 17:04:00,28834.30999999989,28834.30999999989
2026-09-02 18:04:00,28540.309999999903,28540.309999999903
2026-09-02 19:04:00,28540.309999999903,28540.309999999903
2026-09-02 20:04:00,28540.309999999903,28540.309999999903
2026-09-02 21:04:00,28540.309999999903,28540.309999999903
2026-09-02 22:04:00,28540.309999999903,28540.309999999903
2026-09-02 23:04:00,28540.309999999903,28540.309999999903
2026-09-03 01:05:00,28540.309999999903,28540.309999999903
2026-09-03 02:05:00,28540.309999999903,28540.309999999903
2026-09-03 03:05:00,28540.309999999903,28540.309999999903
2026-09-03 04:05:00,28540.309999999903,28540.309999999903
2026-09-03 05:05:00,28540.309999999903,28540.309999999903
2026-09-03 06:05:00,28540.309999999903,28540.309999999903
2026-09-03 07:05:00,28540.309999999903,28540.309999999903
2026-09-03 08:05:00,28540.309999999903,28540.309999999903
2026-09-03 09:05:00,28540.309999999903,28540.309999999903
2026-09-03 10:05:00,28540.309999999903,28540.309999999903
2026-09-03 11:05:00,28540.309999999903,28540.309999999903
2026-09-03 12:05:00,28540.309999999903,28540.309999999903
2026-09-03 13:05:00,28540.309999999903,28540.309999999903
2026-09-03 14:05:00,28540.309999999903,28540.309999999903
2026-09-03 15:05:00,28540.309999999903,28540.309999999903
2026-09-03 16:05:00,28539.8199999999,28510.489999999903
2026-09-03 17:05:00,28561.859999999902,28683.7799999999
2026-09-03 18:05:00,28561.259999999907,28561.259999999907
2026-09-03 19:05:00,28597.219999999907,28736.819999999905
2026-09-03 20:05:00,28597.219999999907,28751.119999999908
2026-09-03 21:05:00,28597.219999999907,28783.119999999908
2026-09-03 22:05:00,28670.959999999905,28867.589999999906
2026-09-03 23:05:00,28670.959999999905,28888.029999999904
2026-09-04 01:06:00,28672.009999999904,28861.429999999906
2026-09-04 02:06:00,28672.009999999904,28888.869999999908
2026-09-04 03:06:00,28672.009999999904,28822.859999999906
2026-09-04 04:06:00,28672.009999999904,28857.299999999905
2026-09-04 05:06:00,28672.009999999904,28841.4099999999
2026-09-04 06:06:00,28672.009999999904,28882.919999999904
2026-09-04 07:06:00,28672.009999999904,28922.049999999905
2026-09-04 08:06:00,28672.009999999904,28915.399999999907
2026-09-04 09:06:00,28672.009999999904,28900.979999999905
2026-09-04 10:06:00,28672.009999999904,28937.58999999991
2026-09-04 11:06:00,28672.009999999904,28813.33999999991
2026-09-04 12:06:00,28672.009999999904,28877.949999999903
2026-09-04 13:06:00,28672.009999999904,28912.879999999903
2026-09-04 14:06:00,28672.009999999904,28904.269999999906
2026-09-04 15:06:00,28672.009999999904,28912.039999999903
2026-09-04 16:06:00,29212.659999999905,29212.659999999905
2026-09-04 17:06:00,29212.659999999905,29212.659999999905
2026-09-04 18:06:00,29212.659999999905,29212.659999999905
2026-09-04 19:06:00,29212.659999999905,29212.659999999905
2026-09-04 20:06:00,29212.659999999905,29212.659999999905
2026-09-04 21:06:00,29212.659999999905,29212.659999999905
2026-09-04 22:06:00,29212.659999999905,29212.659999999905
2026-09-04 23:06:00,29212.659999999905,29212.659999999905
2026-09-04 23:58:00,29212.659999999905,29212.659999999905
